 2.00000000e+10  8.69736816e-01 -3.04167195e-01  2.00000000e+10 -6.33544965e-02 -1.68767898e+00 
 2.09425710e+10  8.55236177e-01 -3.20668536e-01  2.09425710e+10 -2.17605146e-01 -1.81982702e+00 
 2.19295639e+10  8.38253187e-01 -3.37897280e-01  2.19295639e+10 -4.04064912e-01 -1.94435297e+00 
 2.29630724e+10  8.18312263e-01 -3.55673410e-01  2.29630724e+10 -6.25412016e-01 -2.05482796e+00 
 2.40452887e+10  7.94874223e-01 -3.73695383e-01  2.40452887e+10 -8.83400794e-01 -2.14327568e+00 
 2.51785082e+10  7.67350871e-01 -3.91495763e-01  2.51785082e+10 -1.17829883e+00 -2.20010734e+00 
 2.63651348e+10  7.35137432e-01 -4.08389285e-01  2.63651348e+10 -1.50817157e+00 -2.21420955e+00 
 2.76076853e+10  6.97671311e-01 -4.23417890e-01  2.76076853e+10 -1.86802573e+00 -2.17328471e+00 
 2.89087954e+10  6.54526469e-01 -4.35302927e-01  2.89087954e+10 -2.24887164e+00 -2.06457275e+00 
 3.02712250e+10  6.05550500e-01 -4.42422931e-01  3.02712250e+10 -2.63684862e+00 -1.87609601e+00 
 3.16978638e+10  5.51043394e-01 -4.42845153e-01  3.16978638e+10 -3.01268017e+00 -1.59853525e+00 
 3.31917381e+10  4.91959489e-01 -4.34446365e-01  3.31917381e+10 -3.35186571e+00 -1.22771641e+00 
 3.47560166e+10  4.30086578e-01 -4.15155120e-01  3.47560166e+10 -3.62610217e+00 -7.67423468e-01 
 3.63940172e+10  3.68125022e-01 -3.83322241e-01  3.63940172e+10 -3.80633199e+00 -2.31861541e-01 
 3.81092144e+10  3.09574274e-01 -3.38171932e-01  3.81092144e+10 -3.86738815e+00  3.53280214e-01 
 3.99052463e+10  2.58362584e-01 -2.80214143e-01  3.99052463e+10 -3.79343585e+00  9.52271745e-01 
