 2.00000000e+10 -5.39823338e-01  8.26254255e-01  2.00000000e+10  6.58728638e-01 -2.34684684e-01  2.00000000e+10  4.86526726e-04 -7.59965168e-03  2.00000000e+10 -3.69327529e-01 -9.20562970e-01 
 2.09425710e+10 -5.00463022e-01  8.48181927e-01  2.09425710e+10  7.09356784e-01 -3.27631244e-01  2.09425710e+10 -7.97127142e-05 -8.96057801e-03  2.09425710e+10 -4.54170397e-01 -8.80354164e-01 
 2.19295639e+10 -4.58272082e-01  8.68793558e-01  2.19295639e+10  7.52370126e-01 -4.37651109e-01  2.19295639e+10 -8.91211370e-04 -1.04792493e-02  2.19295639e+10 -5.38081853e-01 -8.29943887e-01 
 2.29630724e+10 -4.13177984e-01  8.87707006e-01  2.29630724e+10  7.83750154e-01 -5.65216227e-01  2.29630724e+10 -2.00859997e-03 -1.21427294e-02  2.29630724e+10 -6.19561415e-01 -7.68787811e-01 
 2.40452887e+10 -3.65152426e-01  9.04484178e-01  2.40452887e+10  7.98890447e-01 -7.09925025e-01  2.40452887e+10 -3.49858837e-03 -1.39241565e-02  2.40452887e+10 -6.96879943e-01 -6.96567889e-01 
 2.51785082e+10 -3.14229898e-01  9.18630629e-01  2.51785082e+10  7.92764444e-01 -8.70227185e-01  2.51785082e+10 -5.43126540e-03 -1.57791831e-02  2.51785082e+10 -7.68106381e-01 -6.13269094e-01 
 2.63651348e+10 -2.60530020e-01  9.29600359e-01  2.63651348e+10  7.60206487e-01 -1.04316584e+00  2.63651348e+10 -7.87587010e-03 -1.76427317e-02  2.63651348e+10 -8.31159365e-01 -5.19258755e-01 
 2.76076853e+10 -2.04282485e-01  9.36808253e-01  2.76076853e+10  6.96315890e-01 -1.22418300e+00  2.76076853e+10 -1.08949103e-02 -1.94266866e-02  2.76076853e+10 -8.83888380e-01 -4.15360509e-01 
 2.89087954e+10 -1.45852142e-01  9.39652589e-01  2.89087954e+10  5.96975101e-01 -1.40704516e+00  2.89087954e+10 -1.45367569e-02 -2.10193017e-02  2.89087954e+10 -9.24186710e-01 -3.02911666e-01 
 3.02712250e+10 -8.57601714e-02  9.37549310e-01  3.02712250e+10  4.59445814e-01 -1.58394976e+00  3.02712250e+10 -1.88272138e-02 -2.22871578e-02  3.02712250e+10 -9.50134034e-01 -1.83790077e-01 
 3.16978638e+10 -2.46958775e-02  9.29978054e-01  3.16978638e+10  2.82974185e-01 -1.74586270e+00  3.16978638e+10 -2.37610207e-02 -2.30803678e-02  3.16978638e+10 -9.60160051e-01 -6.03957157e-02 
 3.31917381e+10  3.64870051e-02  9.16537226e-01  3.31917381e+10  6.93057458e-02 -1.88310836e+00  3.31917381e+10 -2.92946742e-02 -2.32413386e-02  3.31917381e+10 -9.53212786e-01  6.44254446e-02 
 3.47560166e+10  9.67948138e-02  8.97002088e-01  3.47560166e+10 -1.77006379e-01 -1.98618559e+00  3.47560166e+10 -3.53422091e-02 -2.26167273e-02  3.47560166e+10 -9.28907958e-01  1.87520927e-01 
 3.63940172e+10  1.55141799e-01  8.71376740e-01  3.63940172e+10 -4.48607069e-01 -2.04672343e+00  3.63940172e+10 -4.17754670e-02 -2.10713925e-02  3.63940172e+10 -8.87631873e-01  3.05629088e-01 
 3.81092144e+10  2.10419220e-01  8.39929343e-01  3.81092144e+10 -7.35722556e-01 -2.05843514e+00  3.81092144e+10 -4.84297901e-02 -1.85023465e-02  3.81092144e+10 -8.30572439e-01  4.15615081e-01 
 3.99052463e+10  2.61578160e-01  8.03201057e-01  3.99052463e+10 -1.02691194e+00 -2.01790033e+00  3.99052463e+10 -5.51150468e-02 -1.48502759e-02  3.99052463e+10 -7.59662728e-01  5.14713901e-01 
