 0.00000000e+00  0.00000000e+00 
 1.00000000e-14  3.94972203e-04 
 2.00000000e-14  8.49799298e-04 
 4.00000000e-14  1.83376067e-03 
 8.00000000e-14  3.96593688e-03 
 1.60000000e-13  7.85087682e-03 
 3.20000000e-13  1.31182637e-02 
 6.40000000e-13  1.51549041e-02 
 1.28000000e-12 -5.79604281e-03 
 2.28000000e-12 -7.97005633e-02 
 3.28000000e-12 -1.68404948e-01 
 4.28000000e-12 -2.10602566e-01 
 5.28000000e-12 -1.98786650e-01 
 6.28000000e-12 -1.68945339e-01 
 7.28000000e-12 -1.35756583e-01 
 8.28000000e-12 -1.02902824e-01 
 9.28000000e-12 -7.06079940e-02 
 1.02800000e-11 -3.97460223e-02 
 1.12800000e-11 -9.58214724e-03 
 1.22800000e-11  1.99075212e-02 
 1.32800000e-11  5.15165562e-02 
 1.42800000e-11  1.24567950e-01 
 1.52800000e-11  4.10222323e-01 
 1.62800000e-11  5.87748339e-01 
 1.71196534e-11  6.33840087e-01 
 1.79734796e-11  5.36837192e-01 
 1.88583576e-11  3.54850659e-01 
 1.93998038e-11  2.69615678e-01 
 1.97916169e-11  2.24706494e-01 
 2.02118127e-11  1.80348308e-01 
 2.05743532e-11  1.42679464e-01 
 2.09225828e-11  1.07248462e-01 
 2.12997005e-11  6.79357243e-02 
 2.19745435e-11  8.68785533e-03 
 2.26383556e-11 -4.00314662e-02 
 2.32805743e-11 -7.26655429e-02 
 2.42729919e-11 -1.11619320e-01 
 2.52729919e-11 -1.33389581e-01 
 2.62729919e-11 -1.47397792e-01 
 2.72729919e-11 -1.50088438e-01 
 2.82729919e-11 -1.64536513e-01 
 2.92729919e-11 -1.99471907e-01 
 3.02729919e-11 -2.54466729e-01 
 3.12729919e-11 -3.10416516e-01 
 3.22729919e-11 -3.54270973e-01 
 3.32729919e-11 -3.29689888e-01 
 3.42729919e-11 -2.75662032e-01 
 3.52729919e-11 -2.17959937e-01 
 3.62729919e-11 -1.68105222e-01 
 3.72729919e-11 -1.21063434e-01 
 3.82729919e-11 -8.27907693e-02 
 3.92729919e-11 -4.67973092e-02 
 4.02729919e-11 -1.82580073e-02 
 4.12729919e-11  9.26094312e-03 
 4.22729919e-11  3.07878060e-02 
 4.32729919e-11  5.22315013e-02 
 4.42729919e-11  6.85872867e-02 
 4.52729919e-11  8.54477128e-02 
 4.62729919e-11  9.85314206e-02 
 4.72729919e-11  1.13745133e-01 
 4.82729919e-11  1.28829482e-01 
 4.92729919e-11  1.64607555e-01 
 5.02729919e-11  6.14006365e-01 
 5.11788423e-11  8.10215239e-01 
 5.16882563e-11  7.75763426e-01 
 5.23010713e-11  6.32547534e-01 
 5.28189052e-11  4.97082896e-01 
 5.32402607e-11  4.09742761e-01 
 5.36370399e-11  3.45391006e-01 
 5.41748212e-11  2.68845786e-01 
 5.46164843e-11  2.05495759e-01 
 5.50059917e-11  1.52959897e-01 
 5.54246371e-11  9.35109913e-02 
 5.60899931e-11  1.83036541e-02 
 5.67530950e-11 -4.67143008e-02 
 5.74459743e-11 -9.12524660e-02 
 5.84459743e-11 -1.44085083e-01 
 5.94459743e-11 -1.70999538e-01 
 6.04459743e-11 -1.90892360e-01 
 6.14459743e-11 -1.98982229e-01 
 6.24459743e-11 -2.33997509e-01 
 6.34459743e-11 -2.80369196e-01 
 6.44459743e-11 -3.40217242e-01 
 6.54459743e-11 -3.85067022e-01 
 6.64459743e-11 -3.78779960e-01 
 6.74459743e-11 -3.18796688e-01 
 6.84459743e-11 -2.63754410e-01 
 6.94459743e-11 -2.02061421e-01 
 7.04459743e-11 -1.56325806e-01 
 7.14459743e-11 -1.07165170e-01 
 7.24459743e-11 -7.30084615e-02 
 7.34459743e-11 -3.49012917e-02 
 7.44459743e-11 -9.60384681e-03 
 7.54459743e-11  2.03093348e-02 
 7.64459743e-11  3.93062724e-02 
 7.74459743e-11  6.31612167e-02 
 7.84459743e-11  7.74905936e-02 
 7.94459743e-11  9.71609002e-02 
 8.04459743e-11  1.09719787e-01 
 8.14459743e-11  1.30436879e-01 
 8.24459743e-11  1.68083625e-01 
 8.34459743e-11  6.26098240e-01 
 8.43578286e-11  8.07171898e-01 
 8.48507354e-11  7.73450711e-01 
 8.54716763e-11  6.26946056e-01 
 8.60007392e-11  4.92823404e-01 
 8.64215223e-11  4.04830390e-01 
 8.68168041e-11  3.43846359e-01 
 8.72994627e-11  2.74098215e-01 
 8.77134715e-11  2.16689084e-01 
 8.80966020e-11  1.64049567e-01 
 8.85106686e-11  1.06248802e-01 
 8.92385704e-11  2.22929137e-02 
 8.99061640e-11 -4.20816809e-02 
 9.06052280e-11 -8.78143421e-02 
 9.16052280e-11 -1.39620426e-01 
 9.26052280e-11 -1.67389843e-01 
 9.36052280e-11 -1.86479582e-01 
 9.46052280e-11 -1.91531712e-01 
 9.56052280e-11 -2.17955771e-01 
 9.66052280e-11 -2.60079068e-01 
 9.76052280e-11 -3.17563547e-01 
 9.86052280e-11 -3.66879360e-01 
 9.96052280e-11 -3.80159451e-01 
 1.00605228e-10 -3.31137341e-01 
 1.01605228e-10 -2.75199230e-01 
 1.02605228e-10 -2.13548170e-01 
 1.03605228e-10 -1.65704835e-01 
 1.04605228e-10 -1.16079883e-01 
 1.05605228e-10 -7.99297548e-02 
 1.06605228e-10 -4.14730363e-02 
 1.07605228e-10 -1.45293076e-02 
 1.08605228e-10  1.55565948e-02 
 1.09605228e-10  3.59013007e-02 
 1.10605228e-10  5.98308623e-02 
 1.11605228e-10  7.53162742e-02 
 1.12605228e-10  9.50349263e-02 
 1.13605228e-10  1.08653042e-01 
 1.14605228e-10  1.29546864e-01 
 1.15605228e-10  1.74125693e-01 
 1.16605228e-10  6.28688132e-01 
 1.17530523e-10  8.03022063e-01 
 1.18021535e-10  7.66502610e-01 
 1.18650851e-10  6.18687165e-01 
 1.19184790e-10  4.84707107e-01 
 1.19605127e-10  3.98786342e-01 
 1.19999912e-10  3.38649419e-01 
 1.20457891e-10  2.73434494e-01 
 1.20859945e-10  2.17947654e-01 
 1.21235447e-10  1.67094374e-01 
 1.21642207e-10  1.10406978e-01 
 1.22330285e-10  3.09196029e-02 
 1.22947940e-10 -3.06132551e-02 
 1.23624003e-10 -7.68487478e-02 
 1.24624003e-10 -1.31501681e-01 
 1.25624003e-10 -1.61286368e-01 
 1.26624003e-10 -1.82269409e-01 
 1.27624003e-10 -1.85762447e-01 
 1.28624003e-10 -2.01782859e-01 
 1.29624003e-10 -2.34350236e-01 
 1.30624003e-10 -2.88921611e-01 
 1.31624003e-10 -3.39500255e-01 
 1.32624003e-10 -3.79692118e-01 
 1.33624003e-10 -3.49202788e-01 
 1.34624003e-10 -2.94531038e-01 
 1.35624003e-10 -2.32475782e-01 
 1.36624003e-10 -1.81969871e-01 
 1.37624003e-10 -1.30884135e-01 
 1.38624003e-10 -9.22282544e-02 
 1.39624003e-10 -5.25397955e-02 
 1.40624003e-10 -2.36286990e-02 
 1.41624003e-10  7.33409133e-03 
 1.42624003e-10  2.91725720e-02 
 1.43624003e-10  5.37970858e-02 
 1.44624003e-10  7.06337709e-02 
 1.45624003e-10  9.09036272e-02 
 1.46624003e-10  1.05313322e-01 
 1.47624003e-10  1.25985344e-01 
 1.48624003e-10  1.59109690e-01 
 1.49624003e-10  5.79633558e-01 
 1.50573392e-10  7.88276900e-01 
 1.51130767e-10  7.64694127e-01 
 1.51754001e-10  6.24690203e-01 
 1.52288081e-10  4.90830839e-01 
 1.52712091e-10  4.02859823e-01 
 1.53108568e-10  3.42042142e-01 
 1.53596638e-10  2.72547993e-01 
 1.53996791e-10  2.18467596e-01 
 1.54358291e-10  1.69561761e-01 
 1.54756361e-10  1.14949452e-01 
 1.55366800e-10  4.34550864e-02 
 1.55924471e-10 -1.40926451e-02 
 1.56565972e-10 -6.16442294e-02 
 1.57477893e-10 -1.15811027e-01 
 1.58477893e-10 -1.50859251e-01 
 1.59477893e-10 -1.75245577e-01 
 1.60477893e-10 -1.81543838e-01 
 1.61477893e-10 -1.87904685e-01 
 1.62477893e-10 -2.05685242e-01 
 1.63477893e-10 -2.51874031e-01 
 1.64477893e-10 -3.01568952e-01 
 1.65477893e-10 -3.56840019e-01 
 1.66477893e-10 -3.64413885e-01 
 1.67477893e-10 -3.24618860e-01 
 1.68477893e-10 -2.62521104e-01 
 1.69477893e-10 -2.08819145e-01 
 1.70477893e-10 -1.54879436e-01 
 1.71477893e-10 -1.12561706e-01 
 1.72477893e-10 -7.04795390e-02 
 1.73477893e-10 -3.87075111e-02 
 1.74477893e-10 -6.05517386e-03 
 1.75477893e-10  1.79486709e-02 
 1.76477893e-10  4.37394497e-02 
 1.77477893e-10  6.22539619e-02 
 1.78477893e-10  8.32401511e-02 
 1.79477893e-10  9.86556075e-02 
 1.80477893e-10  1.18689874e-01 
 1.81477893e-10  1.42131163e-01 
 1.82477893e-10  4.43256923e-01 
 1.83477893e-10  7.45051693e-01 
 1.84214371e-10  7.64261071e-01 
 1.84953692e-10  6.13905289e-01 
 1.85581249e-10  4.61576789e-01 
 1.86027015e-10  3.74297851e-01 
 1.86455960e-10  3.12695183e-01 
 1.86938980e-10  2.46115627e-01 
 1.87332503e-10  1.95104414e-01 
 1.87705102e-10  1.44523026e-01 
 1.88098981e-10  9.44919579e-02 
 1.88648959e-10  3.12648268e-02 
 1.89253150e-10 -2.51355508e-02 
 1.89886142e-10 -7.08473392e-02 
 1.90854315e-10 -1.21435438e-01 
 1.91854315e-10 -1.54971562e-01 
 1.92854315e-10 -1.73919231e-01 
 1.93854315e-10 -1.80337669e-01 
 1.94854315e-10 -1.82340867e-01 
 1.95854315e-10 -2.00277112e-01 
 1.96854315e-10 -2.42385429e-01 
 1.97854315e-10 -2.93691733e-01 
 1.98854315e-10 -3.45543348e-01 
 1.99854315e-10 -3.60758254e-01 
 2.00854315e-10 -3.21898181e-01 
 2.01854315e-10 -2.63045112e-01 
 2.02854315e-10 -2.07184367e-01 
 2.03854315e-10 -1.55648006e-01 
 2.04854315e-10 -1.10988816e-01 
 2.05854315e-10 -7.10393392e-02 
 2.06854315e-10 -3.70081622e-02 
 2.07854315e-10 -6.31574017e-03 
 2.08854315e-10  1.98202415e-02 
 2.09854315e-10  4.38168877e-02 
 2.10854315e-10  6.43617315e-02 
 2.11854315e-10  8.38180528e-02 
 2.12854315e-10  1.01415275e-01 
 2.13854315e-10  1.20996666e-01 
 2.14854315e-10  1.54301788e-01 
 2.15854315e-10  5.42874720e-01 
 2.16843331e-10  7.70988293e-01 
 2.17452202e-10  7.53957318e-01 
 2.18080822e-10  6.20116944e-01 
 2.18622149e-10  4.85811551e-01 
 2.19052896e-10  3.98574925e-01 
 2.19454445e-10  3.36873100e-01 
 2.19902229e-10  2.74767772e-01 
 2.20273807e-10  2.24901198e-01 
 2.20619304e-10  1.79592148e-01 
 2.21006765e-10  1.26683893e-01 
 2.21521924e-10  6.59260304e-02 
 2.22005493e-10  1.26046257e-02 
 2.22586936e-10 -3.49481074e-02 
 2.23357539e-10 -8.78012675e-02 
 2.24357539e-10 -1.30769064e-01 
 2.25357539e-10 -1.61660590e-01 
 2.26357539e-10 -1.73426086e-01 
 2.27357539e-10 -1.79462291e-01 
 2.28357539e-10 -1.77666972e-01 
 2.29357539e-10 -1.99609806e-01 
 2.30357539e-10 -2.39541857e-01 
 2.31357539e-10 -2.93516016e-01 
 2.32357539e-10 -3.41475023e-01 
 2.33357539e-10 -3.55919134e-01 
 2.34357539e-10 -3.11646954e-01 
 2.35357539e-10 -2.56723796e-01 
 2.36357539e-10 -1.98268974e-01 
 2.37357539e-10 -1.50736252e-01 
 2.38357539e-10 -1.03641579e-01 
 2.39357539e-10 -6.73089950e-02 
 2.40357539e-10 -3.08396307e-02 
 2.41357539e-10 -3.34996021e-03 
 2.42357539e-10  2.51974931e-02 
 2.43357539e-10  4.63759828e-02 
 2.44357539e-10  6.93152245e-02 
 2.45357539e-10  8.64845894e-02 
 2.46357539e-10  1.06939722e-01 
 2.47357539e-10  1.26602268e-01 
 2.48357539e-10  2.52608653e-01 
 2.49357539e-10  6.41215043e-01 
 2.50357539e-10  7.71232963e-01 
 2.50874420e-10  7.07297852e-01 
 2.51566898e-10  5.46141258e-01 
 2.52103415e-10  4.22858611e-01 
 2.52504079e-10  3.55169153e-01 
 2.52885959e-10  3.00057198e-01 
 2.53212144e-10  2.58255386e-01 
 2.53565418e-10  2.10016723e-01 
 2.53927948e-10  1.64473849e-01 
 2.54314414e-10  1.12386405e-01 
 2.54878966e-10  4.91989370e-02 
 2.55397627e-10 -4.37272953e-03 
 2.55999942e-10 -4.90179416e-02 
 2.56824689e-10 -1.00059466e-01 
 2.57824689e-10 -1.37519368e-01 
 2.58824689e-10 -1.64223679e-01 
 2.59824689e-10 -1.72672156e-01 
 2.60824689e-10 -1.76470844e-01 
 2.61824689e-10 -1.74067724e-01 
 2.62824689e-10 -1.96586084e-01 
 2.63824689e-10 -2.36966979e-01 
 2.64824689e-10 -2.90635753e-01 
 2.65824689e-10 -3.38023740e-01 
 2.66824689e-10 -3.50170783e-01 
 2.67824689e-10 -3.05405619e-01 
 2.68824689e-10 -2.50815737e-01 
 2.69824689e-10 -1.93114704e-01 
 2.70824689e-10 -1.45966797e-01 
 2.71824689e-10 -9.95321326e-02 
 2.72824689e-10 -6.34198643e-02 
 2.73824689e-10 -2.74445339e-02 
 2.74824689e-10 -1.54759720e-05 
 2.75824689e-10  2.81943764e-02 
 2.76824689e-10  4.94524035e-02 
 2.77824689e-10  7.22322505e-02 
 2.78824689e-10  8.98010365e-02 
 2.79824689e-10  1.10885814e-01 
 2.80824689e-10  1.34264759e-01 
 2.81824689e-10  3.78003987e-01 
 2.82824689e-10  6.95197841e-01 
 2.83666326e-10  7.54118155e-01 
 2.84284748e-10  6.53737701e-01 
 2.84964542e-10  4.92474881e-01 
 2.85464599e-10  3.88672426e-01 
 2.85856807e-10  3.29448587e-01 
 2.86233792e-10  2.77124259e-01 
 2.86555403e-10  2.36408970e-01 
 2.86901686e-10  1.90433361e-01 
 2.87300536e-10  1.39583987e-01 
 2.87694528e-10  9.03728704e-02 
 2.88179322e-10  3.72258290e-02 
 2.88754692e-10 -1.62905536e-02 
 2.89362803e-10 -5.99429013e-02 
 2.90289927e-10 -1.09702892e-01 
 2.91289927e-10 -1.44362915e-01 
 2.92289927e-10 -1.64841295e-01 
 2.93289927e-10 -1.72409699e-01 
 2.94289927e-10 -1.72059551e-01 
 2.95289927e-10 -1.71443510e-01 
 2.96289927e-10 -1.92595799e-01 
 2.97289927e-10 -2.35546209e-01 
 2.98289927e-10 -2.86954504e-01 
 2.99289927e-10 -3.35823021e-01 
 3.00289927e-10 -3.43560923e-01 
 3.01289927e-10 -3.00539690e-01 
 3.02289927e-10 -2.44008175e-01 
 3.03289927e-10 -1.89008392e-01 
 3.04289927e-10 -1.40309500e-01 
 3.05289927e-10 -9.64027387e-02 
 3.06289927e-10 -5.86478255e-02 
 3.07289927e-10 -2.48499385e-02 
 3.08289927e-10  4.20697820e-03 
 3.09289927e-10  3.04876342e-02 
 3.10289927e-10  5.33503480e-02 
 3.11289927e-10  7.45321097e-02 
 3.12289927e-10  9.39533233e-02 
 3.13289927e-10  1.14582213e-01 
 3.14289927e-10  1.46426080e-01 
 3.15289927e-10  4.92204286e-01 
 3.16289927e-10  7.37249652e-01 
 3.16970392e-10  7.43273746e-01 
 3.17642794e-10  6.17390647e-01 
 3.18299554e-10  4.60989300e-01 
 3.18756364e-10  3.73500571e-01 
 3.19188545e-10  3.11179225e-01 
 3.19603090e-10  2.56253485e-01 
 3.19948540e-10  2.11752807e-01 
 3.20275924e-10  1.70114982e-01 
 3.20640520e-10  1.22382016e-01 
 3.21166805e-10  6.21662599e-02 
 3.21623823e-10  1.38434017e-02 
 3.22168070e-10 -2.99223903e-02 
 3.22880996e-10 -7.81763181e-02 
 3.23880996e-10 -1.22087179e-01 
 3.24880996e-10 -1.52978517e-01 
 3.25880996e-10 -1.66084026e-01 
 3.26880996e-10 -1.72246024e-01 
 3.27880996e-10 -1.67411673e-01 
 3.28880996e-10 -1.71100482e-01 
 3.29880996e-10 -1.94489406e-01 
 3.30880996e-10 -2.41864534e-01 
 3.31880996e-10 -2.91401240e-01 
 3.32880996e-10 -3.40414696e-01 
 3.33880996e-10 -3.33962920e-01 
 3.34880996e-10 -2.87796092e-01 
 3.35880996e-10 -2.29645664e-01 
 3.36880996e-10 -1.77946269e-01 
 3.37880996e-10 -1.28563355e-01 
 3.38880996e-10 -8.78862268e-02 
 3.39880996e-10 -4.93377649e-02 
 3.40880996e-10 -1.82966824e-02 
 3.41880996e-10  1.17736935e-02 
 3.42880996e-10  3.57665070e-02 
 3.43880996e-10  5.98426653e-02 
 3.44880996e-10  7.93069314e-02 
 3.45880996e-10  1.00618748e-01 
 3.46880996e-10  1.22101173e-01 
 3.47880996e-10  2.42658537e-01 
 3.48880996e-10  6.11438062e-01 
 3.49880996e-10  7.58677810e-01 
 3.50452199e-10  7.04024239e-01 
 3.51140882e-10  5.46678455e-01 
 3.51682130e-10  4.22222332e-01 
 3.52081761e-10  3.54495715e-01 
 3.52460808e-10  3.00977075e-01 
 3.52792006e-10  2.59281909e-01 
 3.53128290e-10  2.14988766e-01 
 3.53460253e-10  1.74185356e-01 
 3.53823470e-10  1.26090240e-01 
 3.54317632e-10  7.00613726e-02 
 3.54761583e-10  2.18545948e-02 
 3.55269985e-10 -1.98182792e-02 
 3.55945702e-10 -6.80369665e-02 
 3.56889385e-10 -1.12107114e-01 
 3.57889385e-10 -1.46238563e-01 
 3.58889385e-10 -1.61738610e-01 
 3.59889385e-10 -1.70054379e-01 
 3.60889385e-10 -1.66132849e-01 
 3.61889385e-10 -1.64713611e-01 
 3.62889385e-10 -1.77444642e-01 
 3.63889385e-10 -2.18686301e-01 
 3.64889385e-10 -2.66525766e-01 
 3.65889385e-10 -3.18678998e-01 
 3.66889385e-10 -3.38696689e-01 
 3.67889385e-10 -3.07697706e-01 
 3.68889385e-10 -2.49642534e-01 
 3.69889385e-10 -1.97116396e-01 
 3.70889385e-10 -1.45076787e-01 
 3.71889385e-10 -1.02706761e-01 
 3.72889385e-10 -6.18081090e-02 
 3.73889385e-10 -2.94541333e-02 
 3.74889385e-10  2.42729818e-03 
 3.75889385e-10  2.73724054e-02 
 3.76889385e-10  5.28070383e-02 
 3.77889385e-10  7.28721962e-02 
 3.78889385e-10  9.49194217e-02 
 3.79889385e-10  1.15631070e-01 
 3.80889385e-10  1.77793067e-01 
 3.81889385e-10  5.57944115e-01 
 3.82889385e-10  7.48945271e-01 
 3.83499051e-10  7.25184119e-01 
 3.84146040e-10  5.94654355e-01 
 3.84709597e-10  4.59916151e-01 
 3.85145739e-10  3.78290427e-01 
 3.85548821e-10  3.18632572e-01 
 3.85996721e-10  2.60634647e-01 
 3.86352582e-10  2.13999571e-01 
 3.86655374e-10  1.77252244e-01 
 3.87001573e-10  1.30937639e-01 
 3.87543947e-10  7.01415792e-02 
 3.88019713e-10  1.87193789e-02 
 3.88508100e-10 -1.96970036e-02 
 3.89218077e-10 -7.00418755e-02 
 3.90123668e-10 -1.10566245e-01 
 3.91123668e-10 -1.45122715e-01 
 3.92123668e-10 -1.59608751e-01 
 3.93123668e-10 -1.68586225e-01 
 3.94123668e-10 -1.63851444e-01 
 3.95123668e-10 -1.61769382e-01 
 3.96123668e-10 -1.69230791e-01 
 3.97123668e-10 -2.07643083e-01 
 3.98123668e-10 -2.53647694e-01 
 3.99123668e-10 -3.07064222e-01 
 4.00123668e-10 -3.36135878e-01 
 4.01123668e-10 -3.13692244e-01 
 4.02123668e-10 -2.56055955e-01 
 4.03123668e-10 -2.04500949e-01 
 4.04123668e-10 -1.50818492e-01 
 4.05123668e-10 -1.08602997e-01 
 4.06123668e-10 -6.60123064e-02 
 4.07123668e-10 -3.38109382e-02 
 4.08123668e-10 -4.71795590e-04 
 4.09123668e-10  2.42619549e-02 
 4.10123668e-10  5.09482609e-02 
 4.11123668e-10  7.07768992e-02 
 4.12123668e-10  9.39493440e-02 
 4.13123668e-10  1.14611220e-01 
 4.14123668e-10  1.88118881e-01 
 4.15123668e-10  5.58505605e-01 
 4.16123668e-10  7.44068418e-01 
 4.16743119e-10  7.17953400e-01 
 4.17396471e-10  5.86052679e-01 
 4.17959595e-10  4.52404106e-01 
 4.18392756e-10  3.73219556e-01 
 4.18794070e-10  3.14232897e-01 
 4.19249756e-10  2.56218751e-01 
 4.19606432e-10  2.09699422e-01 
 4.19900159e-10  1.74605587e-01 
 4.20236807e-10  1.29863129e-01 
 4.20796453e-10  6.78328095e-02 
 4.21270898e-10  1.73085101e-02 
 4.21767042e-10 -2.10782782e-02 
 4.22456927e-10 -6.92664613e-02 
 4.23383767e-10 -1.10214431e-01 
 4.24383767e-10 -1.43990301e-01 
 4.25383767e-10 -1.58082754e-01 
 4.26383767e-10 -1.66679274e-01 
 4.27383767e-10 -1.61886871e-01 
 4.28383767e-10 -1.58865197e-01 
 4.29383767e-10 -1.62928328e-01 
 4.30383767e-10 -1.98017658e-01 
 4.31383767e-10 -2.43091958e-01 
 4.32383767e-10 -2.96545230e-01 
 4.33383767e-10 -3.32279567e-01 
 4.34383767e-10 -3.16977915e-01 
 4.35383767e-10 -2.61511610e-01 
 4.36383767e-10 -2.09771007e-01 
 4.37383767e-10 -1.55559009e-01 
 4.38383767e-10 -1.12779755e-01 
 4.39383767e-10 -6.96637766e-02 
 4.40383767e-10 -3.69025734e-02 
 4.41383767e-10 -3.12064520e-03 
 4.42383767e-10  2.20932534e-02 
 4.43383767e-10  4.91431641e-02 
 4.44383767e-10  6.94329274e-02 
 4.45383767e-10  9.30049745e-02 
 4.46383767e-10  1.14415510e-01 
 4.47383767e-10  2.04829915e-01 
 4.48383767e-10  5.63816116e-01 
 4.49383767e-10  7.40039179e-01 
 4.50011889e-10  7.08621716e-01 
 4.50676525e-10  5.71540072e-01 
 4.51236655e-10  4.40483768e-01 
 4.51661401e-10  3.65197977e-01 
 4.52057119e-10  3.08147089e-01 
 4.52484424e-10  2.54607982e-01 
 4.52830848e-10  2.09856088e-01 
 4.53121705e-10  1.75339198e-01 
 4.53454068e-10  1.31673720e-01 
 4.53991661e-10  7.20588709e-02 
 4.54461917e-10  2.19850053e-02 
 4.54965645e-10 -1.76795270e-02 
 4.55610980e-10 -6.32507780e-02 
 4.56497438e-10 -1.04030844e-01 
 4.57497438e-10 -1.39115150e-01 
 4.58497438e-10 -1.54975729e-01 
 4.59497438e-10 -1.64400562e-01 
 4.60497438e-10 -1.60771432e-01 
 4.61497438e-10 -1.57096660e-01 
 4.62497438e-10 -1.55373372e-01 
 4.63497438e-10 -1.83022354e-01 
 4.64497438e-10 -2.25801471e-01 
 4.65497438e-10 -2.78800492e-01 
 4.66497438e-10 -3.22428013e-01 
 4.67497438e-10 -3.23599931e-01 
 4.68497438e-10 -2.75623702e-01 
 4.69497438e-10 -2.23185364e-01 
 4.70497438e-10 -1.68234231e-01 
 4.71497438e-10 -1.23616030e-01 
 4.72497438e-10 -7.94917974e-02 
 4.73497438e-10 -4.50372316e-02 
 4.74497438e-10 -1.04997796e-02 
 4.75497438e-10  1.60727929e-02 
 4.76497438e-10  4.36110852e-02 
 4.77497438e-10  6.49435265e-02 
 4.78497438e-10  8.86673015e-02 
 4.79497438e-10  1.10313469e-01 
 4.80497438e-10  1.71776865e-01 
 4.81497438e-10  5.31406009e-01 
 4.82497438e-10  7.25741594e-01 
 4.83146453e-10  7.15712129e-01 
 4.83788122e-10  5.99253166e-01 
 4.84386370e-10  4.59293201e-01 
 4.84845164e-10  3.73784409e-01 
 4.85264123e-10  3.12429816e-01 
 4.85682852e-10  2.59308702e-01 
 4.86006840e-10  2.17736134e-01 
 4.86290811e-10  1.84270575e-01 
 4.86624659e-10  1.40397316e-01 
 4.87127910e-10  8.42965987e-02 
 4.87629000e-10  2.98214105e-02 
 4.88133550e-10 -1.07402014e-02 
 4.88757043e-10 -5.63512950e-02 
 4.89537547e-10 -9.38647450e-02 
 4.90537547e-10 -1.32261375e-01 
 4.91537547e-10 -1.50503396e-01 
 4.92537547e-10 -1.62216952e-01 
 4.93537547e-10 -1.59860924e-01 
 4.94537547e-10 -1.57003170e-01 
 4.95537547e-10 -1.49850680e-01 
 4.96537547e-10 -1.68340739e-01 
 4.97537547e-10 -2.05919581e-01 
 4.98537547e-10 -2.57831684e-01 
 4.99537547e-10 -3.04645653e-01 
 5.00537547e-10 -3.28451055e-01 
 5.01537547e-10 -2.93026112e-01 
 5.02537547e-10 -2.40863484e-01 
 5.03537547e-10 -1.85021917e-01 
 5.04537547e-10 -1.38404140e-01 
 5.05537547e-10 -9.26523398e-02 
 5.06537547e-10 -5.62824999e-02 
 5.07537547e-10 -2.03990865e-02 
 5.08537547e-10  7.62164192e-03 
 5.09537547e-10  3.61270769e-02 
 5.10537547e-10  5.84542876e-02 
 5.11537547e-10  8.26337262e-02 
 5.12537547e-10  1.04061391e-01 
 5.13537547e-10  1.41100187e-01 
 5.14537547e-10  4.60798335e-01 
 5.15537547e-10  6.92918996e-01 
 5.16272120e-10  7.20744184e-01 
 5.17011610e-10  6.07870986e-01 
 5.17800638e-10  4.27342556e-01 
 5.18306323e-10  3.38225134e-01 
 5.18684596e-10  2.87429432e-01 
 5.19081292e-10  2.39241074e-01 
 5.19412731e-10  1.98442857e-01 
 5.19695928e-10  1.65504542e-01 
 5.20020461e-10  1.24418533e-01 
 5.20570615e-10  6.47269211e-02 
 5.21032448e-10  1.72769689e-02 
 5.21536807e-10 -2.14410199e-02 
 5.22135010e-10 -6.23761393e-02 
 5.22999005e-10 -1.01609220e-01 
 5.23999005e-10 -1.35963980e-01 
 5.24999005e-10 -1.52027364e-01 
 5.25999005e-10 -1.61191343e-01 
 5.26999005e-10 -1.57960763e-01 
 5.27999005e-10 -1.53822199e-01 
 5.28999005e-10 -1.47850861e-01 
 5.29999005e-10 -1.68011481e-01 
 5.30999005e-10 -2.07386666e-01 
 5.31999005e-10 -2.59067751e-01 
 5.32999005e-10 -3.05628994e-01 
 5.33999005e-10 -3.24733155e-01 
 5.34999005e-10 -2.87462125e-01 
 5.35999005e-10 -2.34993283e-01 
 5.36999005e-10 -1.79964102e-01 
 5.37999005e-10 -1.33510018e-01 
 5.38999005e-10 -8.86074860e-02 
 5.39999005e-10 -5.23303612e-02 
 5.40999005e-10 -1.71249079e-02 
 5.41999005e-10  1.09557256e-02 
 5.42999005e-10  3.89844500e-02 
 5.43999005e-10  6.15768178e-02 
 5.44999005e-10  8.57143786e-02 
 5.45999005e-10  1.08616219e-01 
 5.46999005e-10  1.80872486e-01 
 5.47999005e-10  5.28176284e-01 
 5.48999005e-10  7.16220016e-01 
 5.49664953e-10  7.06752230e-01 
 5.50315338e-10  5.89886575e-01 
 5.50922859e-10  4.50112477e-01 
 5.51381034e-10  3.66481063e-01 
 5.51800540e-10  3.06309033e-01 
 5.52221373e-10  2.53708110e-01 
 5.52541033e-10  2.13472520e-01 
 5.52813134e-10  1.81777366e-01 
 5.53134478e-10  1.40317960e-01 
 5.53646741e-10  8.37368786e-02 
 5.54149259e-10  3.01751682e-02 
 5.54665459e-10 -1.09511555e-02 
 5.55251434e-10 -5.31688203e-02 
 5.56029927e-10 -9.07339234e-02 
 5.57029927e-10 -1.28762968e-01 
 5.58029927e-10 -1.47385861e-01 
 5.59029927e-10 -1.58995664e-01 
 5.60029927e-10 -1.57166862e-01 
 5.61029927e-10 -1.54184991e-01 
 5.62029927e-10 -1.45000565e-01 
 5.63029927e-10 -1.56097944e-01 
 5.64029927e-10 -1.88543453e-01 
 5.65029927e-10 -2.38681106e-01 
 5.66029927e-10 -2.86775663e-01 
 5.67029927e-10 -3.24790654e-01 
 5.68029927e-10 -3.02128192e-01 
 5.69029927e-10 -2.52120934e-01 
 5.70029927e-10 -1.96537475e-01 
 5.71029927e-10 -1.48224599e-01 
 5.72029927e-10 -1.01804972e-01 
 5.73029927e-10 -6.38363154e-02 
 5.74029927e-10 -2.73755250e-02 
 5.75029927e-10  2.02196041e-03 
 5.76029927e-10  3.10166838e-02 
 5.77029927e-10  5.45271425e-02 
 5.78029927e-10  7.91329107e-02 
 5.79029927e-10  1.01682208e-01 
 5.80029927e-10  1.40927707e-01 
 5.81029927e-10  4.60730198e-01 
 5.82029927e-10  6.83384673e-01 
 5.82767923e-10  7.13518352e-01 
 5.83511840e-10  6.04903406e-01 
 5.84324377e-10  4.21399153e-01 
 5.84835313e-10  3.32310334e-01 
 5.85199898e-10  2.84235690e-01 
 5.85587586e-10  2.37790068e-01 
 5.85912319e-10  1.98518034e-01 
 5.86184979e-10  1.67427162e-01 
 5.86501374e-10  1.27789994e-01 
 5.87033104e-10  7.05005814e-02 
 5.87507284e-10  2.16752739e-02 
 5.88010184e-10 -1.70679570e-02 
 5.88565456e-10 -5.57346529e-02 
 5.89351102e-10 -9.25734142e-02 
 5.90351102e-10 -1.29074179e-01 
 5.91351102e-10 -1.46998498e-01 
 5.92351102e-10 -1.57766119e-01 
 5.93351102e-10 -1.55707680e-01 
 5.94351102e-10 -1.52285388e-01 
 5.95351102e-10 -1.42831590e-01 
 5.96351102e-10 -1.52206642e-01 
 5.97351102e-10 -1.83483111e-01 
 5.98351102e-10 -2.32996230e-01 
 5.99351102e-10 -2.81295831e-01 
 6.00351102e-10 -3.21704097e-01 
 6.01351102e-10 -3.02923704e-01 
 6.02351102e-10 -2.54087613e-01 
 6.03351102e-10 -1.98780296e-01 
 6.04351102e-10 -1.50038290e-01 
 6.05351102e-10 -1.03526804e-01 
 6.06351102e-10 -6.50762922e-02 
 6.07351102e-10 -2.85115844e-02 
 6.08351102e-10  1.31725598e-03 
 6.09351102e-10  3.04072195e-02 
 6.10351102e-10  5.43315478e-02 
 6.11351102e-10  7.91222865e-02 
 6.12351102e-10  1.02401447e-01 
 6.13351102e-10  1.49155682e-01 
 6.14351102e-10  4.82559783e-01 
 6.15351102e-10  6.89329049e-01 
 6.16061139e-10  7.08461669e-01 
 6.16770581e-10  6.02044310e-01 
 6.17647220e-10  4.08501189e-01 
 6.18156709e-10  3.22724328e-01 
 6.18536160e-10  2.74112817e-01 
 6.18938667e-10  2.26700594e-01 
 6.19264658e-10  1.87599030e-01 
 6.19541679e-10  1.56356353e-01 
 6.19853104e-10  1.17667859e-01 
 6.20475953e-10  5.27800929e-02 
 6.20943575e-10  7.17455513e-03 
 6.21450549e-10 -2.87123136e-02 
 6.22048288e-10 -6.71398719e-02 
 6.22982352e-10 -1.05737738e-01 
 6.23982352e-10 -1.36848278e-01 
 6.24982352e-10 -1.49955434e-01 
 6.25982352e-10 -1.57511163e-01 
 6.26982352e-10 -1.52881873e-01 
 6.27982352e-10 -1.48337709e-01 
 6.28982352e-10 -1.39961969e-01 
 6.29982352e-10 -1.56221939e-01 
 6.30982352e-10 -1.92607575e-01 
 6.31982352e-10 -2.43680668e-01 
 6.32982352e-10 -2.90680248e-01 
 6.33982352e-10 -3.20407400e-01 
 6.34982352e-10 -2.90588965e-01 
 6.35982352e-10 -2.39643703e-01 
 6.36982352e-10 -1.84601065e-01 
 6.37982352e-10 -1.37747182e-01 
 6.38982352e-10 -9.22124211e-02 
 6.39982352e-10 -5.53327614e-02 
 6.40982352e-10 -1.94039928e-02 
 6.41982352e-10  9.26453812e-03 
 6.42982352e-10  3.80387937e-02 
 6.43982352e-10  6.13235878e-02 
 6.44982352e-10  8.66418203e-02 
 6.45982352e-10  1.12145650e-01 
 6.46982352e-10  2.61907451e-01 
 6.47982352e-10  5.68132280e-01 
 6.48982352e-10  7.15644365e-01 
 6.49673458e-10  6.69405221e-01 
 6.50379645e-10  5.18413569e-01 
 6.50934940e-10  3.97650947e-01 
 6.51336262e-10  3.34488015e-01 
 6.51714934e-10  2.84223657e-01 
 6.52029617e-10  2.47268248e-01 
 6.52325972e-10  2.11082731e-01 
 6.52604002e-10  1.78928961e-01 
 6.52919829e-10  1.40033278e-01 
 6.53374213e-10  8.95753774e-02 
 6.53845712e-10  4.02087522e-02 
 6.54335594e-10 -9.12368186e-04 
 6.54858291e-10 -3.89583238e-02 
 6.55555034e-10 -7.62128419e-02 
 6.56555034e-10 -1.16517924e-01 
 6.57555034e-10 -1.39620881e-01 
 6.58555034e-10 -1.52602247e-01 
 6.59555034e-10 -1.54111650e-01 
 6.60555034e-10 -1.51291696e-01 
 6.61555034e-10 -1.42559730e-01 
 6.62555034e-10 -1.39730627e-01 
 6.63555034e-10 -1.58171415e-01 
 6.64555034e-10 -2.01143964e-01 
 6.65555034e-10 -2.49818536e-01 
 6.66555034e-10 -2.98384249e-01 
 6.67555034e-10 -3.14194539e-01 
 6.68555034e-10 -2.81137476e-01 
 6.69555034e-10 -2.26611305e-01 
 6.70555034e-10 -1.75247410e-01 
 6.71555034e-10 -1.26559600e-01 
 6.72555034e-10 -8.48157124e-02 
 6.73555034e-10 -4.62289372e-02 
 6.74555034e-10 -1.36530982e-02 
 6.75555034e-10  1.68454794e-02 
 6.76555034e-10  4.28220063e-02 
 6.77555034e-10  6.82353679e-02 
 6.78555034e-10  9.19794721e-02 
 6.79555034e-10  1.24173769e-01 
 6.80555034e-10  3.71108975e-01 
 6.81555034e-10  6.26689979e-01 
 6.82555034e-10  7.00777431e-01 
 6.83262398e-10  6.08941029e-01 
 6.84055218e-10  4.34029871e-01 
 6.84582927e-10  3.38140190e-01 
 6.84947282e-10  2.89143143e-01 
 6.85288052e-10  2.48028669e-01 
 6.85587218e-10  2.12874860e-01 
 6.85868861e-10  1.80579577e-01 
 6.86201740e-10  1.40779411e-01 
 6.86587016e-10  9.80447465e-02 
 6.87168383e-10  3.77342750e-02 
 6.87702254e-10 -6.55792461e-03 
 6.88228874e-10 -4.34783789e-02 
 6.88896487e-10 -7.81204335e-02 
 6.89896487e-10 -1.17072787e-01 
 6.90896487e-10 -1.39510183e-01 
 6.91896487e-10 -1.51769640e-01 
 6.92896487e-10 -1.53052674e-01 
 6.93896487e-10 -1.49860066e-01 
 6.94896487e-10 -1.41135058e-01 
 6.95896487e-10 -1.37717447e-01 
 6.96896487e-10 -1.55511620e-01 
 6.97896487e-10 -1.97907615e-01 
 6.98896487e-10 -2.46521655e-01 
 6.99896487e-10 -2.95115221e-01 
 7.00896487e-10 -3.13201431e-01 
 7.01896487e-10 -2.81599733e-01 
 7.02896487e-10 -2.27457584e-01 
 7.03896487e-10 -1.76090407e-01 
 7.04896487e-10 -1.27376443e-01 
 7.05896487e-10 -8.54573167e-02 
 7.06896487e-10 -4.67637986e-02 
 7.07896487e-10 -1.39794920e-02 
 7.08896487e-10  1.66460489e-02 
 7.09896487e-10  4.28593794e-02 
 7.10896487e-10  6.84862566e-02 
 7.11896487e-10  9.27461862e-02 
 7.12896487e-10  1.27429652e-01 
 7.13896487e-10  3.97995844e-01 
 7.14896487e-10  6.36782628e-01 
 7.15750746e-10  7.03948090e-01 
 7.16479411e-10  6.18681571e-01 
 7.17264995e-10  4.42690424e-01 
 7.17791627e-10  3.44634276e-01 
 7.18157160e-10  2.94949803e-01 
 7.18500697e-10  2.53540342e-01 
 7.18787287e-10  2.19936132e-01 
 7.19061587e-10  1.88995708e-01 
 7.19394197e-10  1.48832410e-01 
 7.19779483e-10  1.06222397e-01 
 7.20269281e-10  5.32829126e-02 
 7.20729412e-10  1.29560030e-02 
 7.21282943e-10 -2.97081964e-02 
 7.21806942e-10 -5.94161548e-02 
 7.22806942e-10 -1.04757236e-01 
 7.23806942e-10 -1.31482031e-01 
 7.24806942e-10 -1.48067712e-01 
 7.25806942e-10 -1.51842510e-01 
 7.26806942e-10 -1.50970586e-01 
 7.27806942e-10 -1.42982889e-01 
 7.28806942e-10 -1.36028140e-01 
 7.29806942e-10 -1.41359817e-01 
 7.30806942e-10 -1.75155253e-01 
 7.31806942e-10 -2.21204400e-01 
 7.32806942e-10 -2.72259405e-01 
 7.33806942e-10 -3.10756325e-01 
 7.34806942e-10 -2.99849764e-01 
 7.35806942e-10 -2.50364106e-01 
 7.36806942e-10 -1.98942137e-01 
 7.37806942e-10 -1.47456997e-01 
 7.38806942e-10 -1.03826823e-01 
 7.39806942e-10 -6.24517783e-02 
 7.40806942e-10 -2.83158106e-02 
 7.41806942e-10  4.38581689e-03 
 7.42806942e-10  3.14509677e-02 
 7.43806942e-10  5.83632168e-02 
 7.44806942e-10  8.21937242e-02 
 7.45806942e-10  1.11568565e-01 
 7.46806942e-10  2.75843400e-01 
 7.47806942e-10  5.64926149e-01 
 7.48806942e-10  7.03713566e-01 
 7.49527522e-10  6.56353934e-01 
 7.50248534e-10  5.01276157e-01 
 7.50807531e-10  3.84739944e-01 
 7.51201208e-10  3.23841616e-01 
 7.51573185e-10  2.76955300e-01 
 7.51871095e-10  2.41697098e-01 
 7.52151979e-10  2.09139198e-01 
 7.52438458e-10  1.75600999e-01 
 7.52755442e-10  1.38358709e-01 
 7.53194405e-10  8.95624759e-02 
 7.53656210e-10  4.27527993e-02 
 7.54126964e-10  2.66387535e-03 
 7.54652057e-10 -3.46414933e-02 
 7.55297373e-10 -7.00821724e-02 
 7.56297373e-10 -1.10420341e-01 
 7.57297373e-10 -1.35048026e-01 
 7.58297373e-10 -1.48109224e-01 
 7.59297373e-10 -1.51018725e-01 
 7.60297373e-10 -1.48110204e-01 
 7.61297373e-10 -1.40343719e-01 
 7.62297373e-10 -1.32975313e-01 
 7.63297373e-10 -1.42306544e-01 
 7.64297373e-10 -1.78051233e-01 
 7.65297373e-10 -2.25618221e-01 
 7.66297373e-10 -2.75518384e-01 
 7.67297373e-10 -3.11106545e-01 
 7.68297373e-10 -2.93929528e-01 
 7.69297373e-10 -2.43490286e-01 
 7.70297373e-10 -1.91456002e-01 
 7.71297373e-10 -1.41330914e-01 
 7.72297373e-10 -9.76061906e-02 
 7.73297373e-10 -5.75677252e-02 
 7.74297373e-10 -2.32600641e-02 
 7.75297373e-10  8.38200420e-03 
 7.76297373e-10  3.58039851e-02 
 7.77297373e-10  6.20689618e-02 
 7.78297373e-10  8.69381156e-02 
 7.79297373e-10  1.19316286e-01 
 7.80297373e-10  3.52111282e-01 
 7.81297373e-10  6.04478567e-01 
 7.82297373e-10  6.96587337e-01 
 7.83035158e-10  6.14152026e-01 
 7.83815539e-10  4.41305476e-01 
 7.84351369e-10  3.41479044e-01 
 7.84718495e-10  2.91932444e-01 
 7.85062339e-10  2.50894292e-01 
 7.85346219e-10  2.18315833e-01 
 7.85617370e-10  1.87776940e-01 
 7.85948383e-10  1.48925087e-01 
 7.86303967e-10  1.09493941e-01 
 7.86815976e-10  5.52165139e-02 
 7.87258076e-10  1.59603687e-02 
 7.87746990e-10 -2.17924755e-02 
 7.88264511e-10 -5.27371756e-02 
 7.89264511e-10 -9.88900159e-02 
 7.90264511e-10 -1.27375071e-01 
 7.91264511e-10 -1.44439659e-01 
 7.92264511e-10 -1.49714427e-01 
 7.93264511e-10 -1.48944809e-01 
 7.94264511e-10 -1.42023893e-01 
 7.95264511e-10 -1.33880393e-01 
 7.96264511e-10 -1.33461890e-01 
 7.97264511e-10 -1.59868178e-01 
 7.98264511e-10 -2.04115049e-01 
 7.99264511e-10 -2.54609348e-01 
 8.00264511e-10 -2.98950579e-01 
 8.01264511e-10 -3.04878816e-01 
 8.02264511e-10 -2.64407925e-01 
 8.03264511e-10 -2.12068170e-01 
 8.04264511e-10 -1.60209724e-01 
 8.05264511e-10 -1.14432788e-01 
 8.06264511e-10 -7.23424854e-02 
 8.07264511e-10 -3.63013599e-02 
 8.08264511e-10 -3.11465912e-03 
 8.09264511e-10  2.55423720e-02 
 8.10264511e-10  5.27375613e-02 
 8.11264511e-10  7.77540064e-02 
 8.12264511e-10  1.06703696e-01 
 8.13264511e-10  2.53074635e-01 
 8.14264511e-10  5.41955910e-01 
 8.15264511e-10  6.92226948e-01 
 8.16004204e-10  6.59875173e-01 
 8.16731126e-10  5.14133640e-01 
 8.17311231e-10  3.92097572e-01 
 8.17723503e-10  3.26986990e-01 
 8.18109994e-10  2.77599106e-01 
 8.18425466e-10  2.40566094e-01 
 8.18703088e-10  2.08343485e-01 
 8.18987803e-10  1.75686804e-01 
 8.19302165e-10  1.38803833e-01 
 8.19753990e-10  8.95481879e-02 
 8.20236669e-10  4.10380506e-02 
 8.20726626e-10  5.90474393e-04 
 8.21262887e-10 -3.67727784e-02 
 8.21903115e-10 -7.05644291e-02 
 8.22903115e-10 -1.10073099e-01 
 8.23903115e-10 -1.33547639e-01 
 8.24903115e-10 -1.46328737e-01 
 8.25903115e-10 -1.48618840e-01 
 8.26903115e-10 -1.45864003e-01 
 8.27903115e-10 -1.37785918e-01 
 8.28903115e-10 -1.29919553e-01 
 8.29903115e-10 -1.35769405e-01 
 8.30903115e-10 -1.68951847e-01 
 8.31903115e-10 -2.15435796e-01 
 8.32903115e-10 -2.65758767e-01 
 8.33903115e-10 -3.05315146e-01 
 8.34903115e-10 -2.96307781e-01 
 8.35903115e-10 -2.48852626e-01 
 8.36903115e-10 -1.97035006e-01 
 8.37903115e-10 -1.46209048e-01 
 8.38903115e-10 -1.02117258e-01 
 8.39903115e-10 -6.12488695e-02 
 8.40903115e-10 -2.65328117e-02 
 8.41903115e-10  5.86809414e-03 
 8.42903115e-10  3.36679022e-02 
 8.43903115e-10  6.06726199e-02 
 8.44903115e-10  8.61257746e-02 
 8.45903115e-10  1.21206800e-01 
 8.46903115e-10  3.73313256e-01 
 8.47903115e-10  6.08996451e-01 
 8.48903115e-10  6.87355868e-01 
 8.49663734e-10  5.96825779e-01 
 8.50472219e-10  4.20473485e-01 
 8.51004452e-10  3.26340447e-01 
 8.51362975e-10  2.80031783e-01 
 8.51696573e-10  2.41217684e-01 
 8.51984300e-10  2.08547779e-01 
 8.52244977e-10  1.79911085e-01 
 8.52558956e-10  1.43185485e-01 
 8.52952131e-10  1.00865939e-01 
 8.53467361e-10  4.74318396e-02 
 8.53946422e-10  7.18719062e-03 
 8.54494457e-10 -3.27314582e-02 
 8.55015171e-10 -6.08523888e-02 
 8.56015171e-10 -1.03715663e-01 
 8.57015171e-10 -1.29035266e-01 
 8.58015171e-10 -1.44326569e-01 
 8.59015171e-10 -1.47645667e-01 
 8.60015171e-10 -1.46314738e-01 
 8.61015171e-10 -1.38459979e-01 
 8.62015171e-10 -1.30481063e-01 
 8.63015171e-10 -1.30140072e-01 
 8.64015171e-10 -1.57529235e-01 
 8.65015171e-10 -2.01588594e-01 
 8.66015171e-10 -2.52318544e-01 
 8.67015171e-10 -2.95914140e-01 
 8.68015171e-10 -3.02241276e-01 
 8.69015171e-10 -2.61728421e-01 
 8.70015171e-10 -2.10035437e-01 
 8.71015171e-10 -1.58104956e-01 
 8.72015171e-10 -1.12893716e-01 
 8.73015171e-10 -7.06009405e-02 
 8.74015171e-10 -3.48538681e-02 
 8.75015171e-10 -1.29898612e-03 
 8.76015171e-10  2.72227759e-02 
 8.77015171e-10  5.49706294e-02 
 8.78015171e-10  8.04220329e-02 
 8.79015171e-10  1.12601523e-01 
 8.80015171e-10  3.17131146e-01 
 8.81015171e-10  5.74254729e-01 
 8.82015171e-10  6.91735012e-01 
 8.82781859e-10  6.27019549e-01 
 8.83536212e-10  4.61306279e-01 
 8.84086364e-10  3.54307929e-01 
 8.84463688e-10  3.01344893e-01 
 8.84818533e-10  2.59023734e-01 
 8.85082937e-10  2.28946916e-01 
 8.85343882e-10  1.99960392e-01 
 8.85680120e-10  1.61173177e-01 
 8.86003161e-10  1.25126338e-01 
 8.86466488e-10  7.50512848e-02 
 8.86884872e-10  3.55044198e-02 
 8.87331974e-10 -1.53520595e-03 
 8.87844660e-10 -3.56390960e-02 
 8.88518005e-10 -7.16446862e-02 
 8.89518005e-10 -1.09090158e-01 
 8.90518005e-10 -1.32907963e-01 
 8.91518005e-10 -1.44226611e-01 
 8.92518005e-10 -1.47215630e-01 
 8.93518005e-10 -1.43388534e-01 
 8.94518005e-10 -1.36219517e-01 
 8.95518005e-10 -1.27007905e-01 
 8.96518005e-10 -1.31192098e-01 
 8.97518005e-10 -1.60966011e-01 
 8.98518005e-10 -2.07501397e-01 
 8.99518005e-10 -2.56994852e-01 
 9.00518005e-10 -2.99611006e-01 
 9.01518005e-10 -2.96911900e-01 
 9.02518005e-10 -2.53997677e-01 
 9.03518005e-10 -2.01366890e-01 
 9.04518005e-10 -1.51125707e-01 
 9.05518005e-10 -1.05643514e-01 
 9.06518005e-10 -6.50555630e-02 
 9.07518005e-10 -2.89871344e-02 
 9.08518005e-10  3.16605746e-03 
 9.09518005e-10  3.22140579e-02 
 9.10518005e-10  5.90406052e-02 
 9.11518005e-10  8.58270169e-02 
 9.12518005e-10  1.23141080e-01 
 9.13518005e-10  3.90051828e-01 
 9.14518005e-10  6.11801367e-01 
 9.15403142e-10  6.87420200e-01 
 9.16200907e-10  6.01871535e-01 
 9.16995726e-10  4.26667801e-01 
 9.17529368e-10  3.30176651e-01 
 9.17891429e-10  2.83535700e-01 
 9.18229758e-10  2.44124535e-01 
 9.18506416e-10  2.13225135e-01 
 9.18762576e-10  1.85388426e-01 
 9.19073726e-10  1.49116200e-01 
 9.19462158e-10  1.07429338e-01 
 9.19922719e-10  5.85953535e-02 
 9.20356822e-10  2.08347847e-02 
 9.20824195e-10 -1.60360087e-02 
 9.21332562e-10 -4.61346475e-02 
 9.22246508e-10 -9.00963145e-02 
 9.23246508e-10 -1.19791322e-01 
 9.24246508e-10 -1.39055490e-01 
 9.25246508e-10 -1.45191965e-01 
 9.26246508e-10 -1.46054164e-01 
 9.27246508e-10 -1.39453031e-01 
 9.28246508e-10 -1.31966810e-01 
 9.29246508e-10 -1.23931832e-01 
 9.30246508e-10 -1.38389313e-01 
 9.31246508e-10 -1.75493832e-01 
 9.32246508e-10 -2.24852084e-01 
 9.33246508e-10 -2.72515597e-01 
 9.34246508e-10 -3.05678833e-01 
 9.35246508e-10 -2.83554531e-01 
 9.36246508e-10 -2.34086294e-01 
 9.37246508e-10 -1.81460925e-01 
 9.38246508e-10 -1.33748420e-01 
 9.39246508e-10 -8.95012226e-02 
 9.40246508e-10 -5.11953502e-02 
 9.41246508e-10 -1.59801306e-02 
 9.42246508e-10  1.44433835e-02 
 9.43246508e-10  4.31796597e-02 
 9.44246508e-10  6.93243928e-02 
 9.45246508e-10  9.85360415e-02 
 9.46246508e-10  2.12951328e-01 
 9.47246508e-10  5.01918120e-01 
 9.48246508e-10  6.67169861e-01 
 9.49017434e-10  6.64276409e-01 
 9.49788731e-10  5.32631329e-01 
 9.50465654e-10  3.90854357e-01 
 9.50920518e-10  3.18417602e-01 
 9.51342495e-10  2.65867754e-01 
 9.51717306e-10  2.22887515e-01 
 9.52003743e-10  1.90527316e-01 
 9.52332789e-10  1.53893820e-01 
 9.52639629e-10  1.18912667e-01 
 9.53237405e-10  5.83332332e-02 
 9.53696954e-10  1.65320445e-02 
 9.54269126e-10 -2.40306763e-02 
 9.54790593e-10 -5.52958866e-02 
 9.55721801e-10 -9.46379746e-02 
 9.56721801e-10 -1.24153130e-01 
 9.57721801e-10 -1.38961449e-01 
 9.58721801e-10 -1.45829705e-01 
 9.59721801e-10 -1.43420132e-01 
 9.60721801e-10 -1.38400071e-01 
 9.61721801e-10 -1.28446232e-01 
 9.62721801e-10 -1.23869582e-01 
 9.63721801e-10 -1.39492371e-01 
 9.64721801e-10 -1.80786054e-01 
 9.65721801e-10 -2.28562551e-01 
 9.66721801e-10 -2.77417910e-01 
 9.67721801e-10 -3.03121465e-01 
 9.68721801e-10 -2.78868976e-01 
 9.69721801e-10 -2.26565229e-01 
 9.70721801e-10 -1.76216281e-01 
 9.71721801e-10 -1.27165184e-01 
 9.72721801e-10 -8.53035058e-02 
 9.73721801e-10 -4.57858810e-02 
 9.74721801e-10 -1.26696632e-02 
 9.75721801e-10  1.90507814e-02 
 9.76721801e-10  4.61139795e-02 
 9.77721801e-10  7.39593175e-02 
 9.78721801e-10  1.03631636e-01 
 9.79721801e-10  2.70810691e-01 
 9.80721801e-10  5.36319229e-01 
 9.81721801e-10  6.79321458e-01 
 9.82505552e-10  6.41746053e-01 
 9.83280546e-10  4.87103058e-01 
 9.83867583e-10  3.68198297e-01 
 9.84270471e-10  3.09700418e-01 
 9.84649529e-10  2.62907981e-01 
 9.84941075e-10  2.30542153e-01 
 9.85202193e-10  2.00776452e-01 
 9.85536477e-10  1.63591260e-01 
 9.85840174e-10  1.29056508e-01 
 9.86335599e-10  7.70761422e-02 
 9.86788832e-10  3.39069572e-02 
 9.87268556e-10 -3.82927427e-03 
 9.87799496e-10 -3.87604784e-02 
 9.88464271e-10 -7.21622911e-02 
 9.89464271e-10 -1.09071631e-01 
 9.90464271e-10 -1.31080205e-01 
 9.91464271e-10 -1.42456301e-01 
 9.92464271e-10 -1.44300189e-01 
 9.93464271e-10 -1.41027989e-01 
 9.94464271e-10 -1.33124987e-01 
 9.95464271e-10 -1.24258806e-01 
 9.96464271e-10 -1.25031208e-01 
 9.97464271e-10 -1.52406265e-01 
 9.98464271e-10 -1.97225795e-01 
 9.99464271e-10 -2.47197186e-01 
 1.00046427e-09 -2.90926186e-01 
 1.00146427e-09 -2.97516973e-01 
 1.00246427e-09 -2.58813509e-01 
 1.00346427e-09 -2.07056761e-01 
 1.00446427e-09 -1.56121244e-01 
 1.00546427e-09 -1.10492756e-01 
 1.00646427e-09 -6.88524860e-02 
 1.00746427e-09 -3.25178666e-02 
 1.00846427e-09  6.43565853e-04 
 1.00946427e-09  2.99521386e-02 
 1.01046427e-09  5.77936816e-02 
 1.01146427e-09  8.51915074e-02 
 1.01246427e-09  1.29478891e-01 
 1.01346427e-09  4.12511578e-01 
 1.01446427e-09  6.16914260e-01 
 1.01530987e-09  6.79943885e-01 
 1.01617301e-09  5.82543985e-01 
 1.01700227e-09  4.00942402e-01 
 1.01753651e-09  3.10523396e-01 
 1.01788185e-09  2.68557415e-01 
 1.01821194e-09  2.31721219e-01 
 1.01849585e-09  2.00491007e-01 
 1.01875793e-09  1.72897125e-01 
 1.01904662e-09  1.39380296e-01 
 1.01948950e-09  9.34304863e-02 
 1.01997417e-09  4.39545391e-02 
 1.02045522e-09  5.40564143e-03 
 1.02098444e-09 -3.25742417e-02 
 1.02150232e-09 -5.91055446e-02 
 1.02250232e-09 -1.01313368e-01 
 1.02350232e-09 -1.25352921e-01 
 1.02450232e-09 -1.40768962e-01 
 1.02550232e-09 -1.43400549e-01 
 1.02650232e-09 -1.42605485e-01 
 1.02750232e-09 -1.34415841e-01 
 1.02850232e-09 -1.26703104e-01 
 1.02950232e-09 -1.20576159e-01 
 1.03050232e-09 -1.40604251e-01 
 1.03150232e-09 -1.80578115e-01 
 1.03250232e-09 -2.30825966e-01 
 1.03350232e-09 -2.76768902e-01 
 1.03450232e-09 -3.02412359e-01 
 1.03550232e-09 -2.73626616e-01 
 1.03650232e-09 -2.23507931e-01 
 1.03750232e-09 -1.70864123e-01 
 1.03850232e-09 -1.24296074e-01 
 1.03950232e-09 -8.04896335e-02 
 1.04050232e-09 -4.34506633e-02 
 1.04150232e-09 -8.55141558e-03 
 1.04250232e-09  2.10790463e-02 
 1.04350232e-09  5.00808679e-02 
 1.04450232e-09  7.67272353e-02 
 1.04550232e-09  1.11876473e-01 
 1.04650232e-09  3.34881711e-01 
 1.04750232e-09  5.70563494e-01 
 1.04850232e-09  6.78655356e-01 
 1.04931669e-09  6.07411140e-01 
 1.05011397e-09  4.34080107e-01 
 1.05066881e-09  3.32373233e-01 
 1.05103526e-09  2.84298056e-01 
 1.05137645e-09  2.45495637e-01 
 1.05163744e-09  2.16642669e-01 
 1.05188612e-09  1.90171028e-01 
 1.05219913e-09  1.54593054e-01 
 1.05255021e-09  1.17009443e-01 
 1.05300184e-09  6.92581051e-02 
 1.05340215e-09  3.31568836e-02 
 1.05383743e-09 -2.33367008e-03 
 1.05434494e-09 -3.46873275e-02 
 1.05503252e-09 -7.07765093e-02 
 1.05603252e-09 -1.06486685e-01 
 1.05703252e-09 -1.29864686e-01 
 1.05803252e-09 -1.40281876e-01 
 1.05903252e-09 -1.43445294e-01 
 1.06003252e-09 -1.39234356e-01 
 1.06103252e-09 -1.32563538e-01 
 1.06203252e-09 -1.22505239e-01 
 1.06303252e-09 -1.21434745e-01 
 1.06403252e-09 -1.44096070e-01 
 1.06503252e-09 -1.88369575e-01 
 1.06603252e-09 -2.37164541e-01 
 1.06703252e-09 -2.83399706e-01 
 1.06803252e-09 -2.97987313e-01 
 1.06903252e-09 -2.65743808e-01 
 1.07003252e-09 -2.13303643e-01 
 1.07103252e-09 -1.63122363e-01 
 1.07203252e-09 -1.15772798e-01 
 1.07303252e-09 -7.44182003e-02 
 1.07403252e-09 -3.64093513e-02 
 1.07503252e-09 -3.52495722e-03 
 1.07603252e-09  2.72350800e-02 
 1.07703252e-09  5.47593094e-02 
 1.07803252e-09  8.33924835e-02 
 1.07903252e-09  1.27463352e-01 
 1.08003252e-09  4.06547397e-01 
 1.08103252e-09  6.08783712e-01 
 1.08189365e-09  6.76263960e-01 
 1.08277209e-09  5.79379607e-01 
 1.08361493e-09  3.96287368e-01 
 1.08415290e-09  3.05799971e-01 
 1.08449595e-09  2.65192801e-01 
 1.08482632e-09  2.28443430e-01 
 1.08510808e-09  1.98157711e-01 
 1.08536958e-09  1.70630362e-01 
 1.08565933e-09  1.37580493e-01 
 1.08610065e-09  9.20081601e-02 
 1.08659756e-09  4.21177949e-02 
 1.08708309e-09  3.63008241e-03 
 1.08760760e-09 -3.32077227e-02 
 1.08813198e-09 -5.97456930e-02 
 1.08913198e-09 -1.00981352e-01 
 1.09013198e-09 -1.24621398e-01 
 1.09113198e-09 -1.39495550e-01 
 1.09213198e-09 -1.42037627e-01 
 1.09313198e-09 -1.40998349e-01 
 1.09413198e-09 -1.32928711e-01 
 1.09513198e-09 -1.25072269e-01 
 1.09613198e-09 -1.18034432e-01 
 1.09713198e-09 -1.35881816e-01 
 1.09813198e-09 -1.74762555e-01 
 1.09913198e-09 -2.24584037e-01 
 1.10013198e-09 -2.71109400e-01 
 1.10113198e-09 -3.00973405e-01 
 1.10213198e-09 -2.76086130e-01 
 1.10313198e-09 -2.26692197e-01 
 1.10413198e-09 -1.74197910e-01 
 1.10513198e-09 -1.27159057e-01 
 1.10613198e-09 -8.31648104e-02 
 1.10713198e-09 -4.55826157e-02 
 1.10813198e-09 -1.04583518e-02 
 1.10913198e-09  1.96805490e-02 
 1.11013198e-09  4.89332759e-02 
 1.11113198e-09  7.61962388e-02 
 1.11213198e-09  1.12994500e-01 
 1.11313198e-09  3.47378205e-01 
 1.11413198e-09  5.73197499e-01 
 1.11513198e-09  6.73994344e-01 
 1.11596615e-09  5.96427573e-01 
 1.11678350e-09  4.19251970e-01 
 1.11733654e-09  3.21203436e-01 
 1.11769513e-09  2.75890871e-01 
 1.11802699e-09  2.38891683e-01 
 1.11829685e-09  2.09470768e-01 
 1.11855035e-09  1.82872269e-01 
 1.11884665e-09  1.49329772e-01 
 1.11922374e-09  1.09686037e-01 
 1.11967712e-09  6.25270459e-02 
 1.12008383e-09  2.71362744e-02 
 1.12052989e-09 -8.13928889e-03 
 1.12103504e-09 -3.87704127e-02 
 1.12178698e-09 -7.63944597e-02 
 1.12278698e-09 -1.09372538e-01 
 1.12378698e-09 -1.31002299e-01 
 1.12478698e-09 -1.39703553e-01 
 1.12578698e-09 -1.42039118e-01 
 1.12678698e-09 -1.37013348e-01 
 1.12778698e-09 -1.30174077e-01 
 1.12878698e-09 -1.19867441e-01 
 1.12978698e-09 -1.19971179e-01 
 1.13078698e-09 -1.43816624e-01 
 1.13178698e-09 -1.88795726e-01 
 1.13278698e-09 -2.37395726e-01 
 1.13378698e-09 -2.83158243e-01 
 1.13478698e-09 -2.95668617e-01 
 1.13578698e-09 -2.62681242e-01 
 1.13678698e-09 -2.10166282e-01 
 1.13778698e-09 -1.60323236e-01 
 1.13878698e-09 -1.13077462e-01 
 1.13978698e-09 -7.20479795e-02 
 1.14078698e-09 -3.40728241e-02 
 1.14178698e-09 -1.37982154e-03 
 1.14278698e-09  2.95125360e-02 
 1.14378698e-09  5.71703854e-02 
 1.14478698e-09  8.69380827e-02 
 1.14578698e-09  1.62302352e-01 
 1.14678698e-09  4.45324913e-01 
 1.14778698e-09  6.26120226e-01 
 1.14861508e-09  6.65406978e-01 
 1.14945847e-09  5.55480807e-01 
 1.15028036e-09  3.82444455e-01 
 1.15079444e-09  3.00254192e-01 
 1.15114742e-09  2.58749871e-01 
 1.15149072e-09  2.20881717e-01 
 1.15177358e-09  1.90413227e-01 
 1.15204745e-09  1.61519185e-01 
 1.15235001e-09  1.27544219e-01 
 1.15283843e-09  7.81985874e-02 
 1.15333467e-09  3.08454338e-02 
 1.15387673e-09 -9.37983330e-03 
 1.15438376e-09 -4.21259743e-02 
 1.15500947e-09 -7.11748396e-02 
 1.15600947e-09 -1.07739445e-01 
 1.15700947e-09 -1.27937494e-01 
 1.15800947e-09 -1.39808265e-01 
 1.15900947e-09 -1.40457656e-01 
 1.16000947e-09 -1.38067696e-01 
 1.16100947e-09 -1.29335498e-01 
 1.16200947e-09 -1.21135544e-01 
 1.16300947e-09 -1.16779114e-01 
 1.16400947e-09 -1.39265592e-01 
 1.16500947e-09 -1.80697216e-01 
 1.16600947e-09 -2.31054834e-01 
 1.16700947e-09 -2.76211036e-01 
 1.16800947e-09 -2.98157618e-01 
 1.16900947e-09 -2.67656004e-01 
 1.17000947e-09 -2.17410244e-01 
 1.17100947e-09 -1.65366010e-01 
 1.17200947e-09 -1.19259805e-01 
 1.17300947e-09 -7.59864248e-02 
 1.17400947e-09 -3.90498572e-02 
 1.17500947e-09 -4.34012168e-03 
 1.17600947e-09  2.54922427e-02 
 1.17700947e-09  5.48249215e-02 
 1.17800947e-09  8.31017484e-02 
 1.17900947e-09  1.43342025e-01 
 1.18000947e-09  4.24656758e-01 
 1.18100947e-09  6.14226454e-01 
 1.18185574e-09  6.67604050e-01 
 1.18271897e-09  5.67092989e-01 
 1.18355579e-09  3.87811499e-01 
 1.18408536e-09  3.01937871e-01 
 1.18442838e-09  2.60976425e-01 
 1.18475903e-09  2.25222781e-01 
 1.18503843e-09  1.94779584e-01 
 1.18530069e-09  1.67912289e-01 
 1.18559484e-09  1.34340553e-01 
 1.18605569e-09  8.78119735e-02 
 1.18657012e-09  3.71600382e-02 
 1.18711565e-09 -4.08592724e-03 
 1.18761954e-09 -3.79605434e-02 
 1.18819868e-09 -6.54019357e-02 
 1.18919868e-09 -1.04073509e-01 
 1.19019868e-09 -1.25381575e-01 
 1.19119868e-09 -1.38789730e-01 
 1.19219868e-09 -1.39995358e-01 
 1.19319868e-09 -1.38480219e-01 
 1.19419868e-09 -1.29856963e-01 
 1.19519868e-09 -1.22033609e-01 
 1.19619868e-09 -1.15039833e-01 
 1.19719868e-09 -1.33521857e-01 
 1.19819868e-09 -1.72476495e-01 
 1.19919868e-09 -2.22414124e-01 
 1.20019868e-09 -2.68560335e-01 
 1.20119868e-09 -2.98633356e-01 
 1.20219868e-09 -2.74091068e-01 
 1.20319868e-09 -2.25250718e-01 
 1.20419868e-09 -1.72822224e-01 
 1.20519868e-09 -1.26034195e-01 
 1.20619868e-09 -8.19412726e-02 
 1.20719868e-09 -4.44641120e-02 
 1.20819868e-09 -9.13420066e-03 
 1.20919868e-09  2.10553948e-02 
 1.21019868e-09  5.07629056e-02 
 1.21119868e-09  7.88324300e-02 
 1.21219868e-09  1.25429254e-01 
 1.21319868e-09  3.95659271e-01 
 1.21419868e-09  5.95542892e-01 
 1.21509130e-09  6.68108756e-01 
 1.21599878e-09  5.72885284e-01 
 1.21686277e-09  3.86279023e-01 
 1.21740940e-09  2.97306940e-01 
 1.21774212e-09  2.58359921e-01 
 1.21807595e-09  2.22799712e-01 
 1.21835930e-09  1.92431266e-01 
 1.21862186e-09  1.65775818e-01 
 1.21891183e-09  1.32933703e-01 
 1.21936422e-09  8.74231767e-02 
 1.21988022e-09  3.67545105e-02 
 1.22040888e-09 -3.22524839e-03 
 1.22090874e-09 -3.68935297e-02 
 1.22146973e-09 -6.36164832e-02 
 1.22246973e-09 -1.02589069e-01 
 1.22346973e-09 -1.24283227e-01 
 1.22446973e-09 -1.37964847e-01 
 1.22546973e-09 -1.39455940e-01 
 1.22646973e-09 -1.38065341e-01 
 1.22746973e-09 -1.29624767e-01 
 1.22846973e-09 -1.21814291e-01 
 1.22946973e-09 -1.13915014e-01 
 1.23046973e-09 -1.30229947e-01 
 1.23146973e-09 -1.67901187e-01 
 1.23246973e-09 -2.17497765e-01 
 1.23346973e-09 -2.64153528e-01 
 1.23446973e-09 -2.97557631e-01 
 1.23546973e-09 -2.76716067e-01 
 1.23646973e-09 -2.28932108e-01 
 1.23746973e-09 -1.76545078e-01 
 1.23846973e-09 -1.29376487e-01 
 1.23946973e-09 -8.50131179e-02 
 1.24046973e-09 -4.71064027e-02 
 1.24146973e-09 -1.15154747e-02 
 1.24246973e-09  1.90328540e-02 
 1.24346973e-09  4.89250289e-02 
 1.24446973e-09  7.71935436e-02 
 1.24546973e-09  1.22284716e-01 
 1.24646973e-09  3.87132704e-01 
 1.24746973e-09  5.88593292e-01 
 1.24846973e-09  6.61887766e-01 
 1.24938242e-09  5.56902968e-01 
 1.25024706e-09  3.73275773e-01 
 1.25078493e-09  2.88807079e-01 
 1.25111107e-09  2.51432941e-01 
 1.25146420e-09  2.14061032e-01 
 1.25176003e-09  1.82601892e-01 
 1.25203100e-09  1.55053602e-01 
 1.25233119e-09  1.21557337e-01 
 1.25282704e-09  7.27498416e-02 
 1.25331284e-09  2.69416629e-02 
 1.25383555e-09 -1.07025168e-02 
 1.25433758e-09 -4.28683463e-02 
 1.25494861e-09 -7.04162472e-02 
 1.25594861e-09 -1.06724734e-01 
 1.25694861e-09 -1.26388891e-01 
 1.25794861e-09 -1.38360414e-01 
 1.25894861e-09 -1.38725327e-01 
 1.25994861e-09 -1.36570548e-01 
 1.26094861e-09 -1.27701935e-01 
 1.26194861e-09 -1.19702671e-01 
 1.26294861e-09 -1.13494946e-01 
 1.26394861e-09 -1.33312516e-01 
 1.26494861e-09 -1.73096291e-01 
 1.26594861e-09 -2.23056576e-01 
 1.26694861e-09 -2.68798462e-01 
 1.26794861e-09 -2.96963625e-01 
 1.26894861e-09 -2.71219660e-01 
 1.26994861e-09 -2.22258115e-01 
 1.27094861e-09 -1.70148562e-01 
 1.27194861e-09 -1.23722915e-01 
 1.27294861e-09 -7.98768802e-02 
 1.27394861e-09 -4.24418792e-02 
 1.27494861e-09 -7.14028897e-03 
 1.27594861e-09  2.31360251e-02 
 1.27694861e-09  5.30481602e-02 
 1.27794861e-09  8.20505647e-02 
 1.27894861e-09  1.54916671e-01 
 1.27994861e-09  4.29325417e-01 
 1.28094861e-09  6.11714818e-01 
 1.28180904e-09  6.59828429e-01 
 1.28268616e-09  5.53199508e-01 
 1.28351030e-09  3.78755311e-01 
 1.28403327e-09  2.96303265e-01 
 1.28437885e-09  2.55562841e-01 
 1.28471218e-09  2.20110999e-01 
 1.28499341e-09  1.89766341e-01 
 1.28526212e-09  1.62446786e-01 
 1.28556137e-09  1.28864691e-01 
 1.28603471e-09  8.18165172e-02 
 1.28654134e-09  3.32586065e-02 
 1.28708447e-09 -6.75129064e-03 
 1.28759071e-09 -3.96924522e-02 
 1.28819321e-09 -6.74538981e-02 
 1.28919321e-09 -1.04541677e-01 
 1.29019321e-09 -1.24909011e-01 
 1.29119321e-09 -1.37377529e-01 
 1.29219321e-09 -1.38213270e-01 
 1.29319321e-09 -1.36307588e-01 
 1.29419321e-09 -1.27704280e-01 
 1.29519321e-09 -1.19727502e-01 
 1.29619321e-09 -1.12240317e-01 
 1.29719321e-09 -1.29239219e-01 
 1.29819321e-09 -1.67443330e-01 
 1.29919321e-09 -2.17014939e-01 
 1.30019321e-09 -2.63505840e-01 
 1.30119321e-09 -2.96163543e-01 
 1.30219321e-09 -2.74980969e-01 
 1.30319321e-09 -2.27152765e-01 
 1.30419321e-09 -1.74964529e-01 
 1.30519321e-09 -1.27866154e-01 
 1.30619321e-09 -8.36588033e-02 
 1.30719321e-09 -4.57551274e-02 
 1.30819321e-09 -1.02271777e-02 
 1.30919321e-09  2.04339360e-02 
 1.31019321e-09  5.04828565e-02 
 1.31119321e-09  7.95753146e-02 
 1.31219321e-09  1.44046452e-01 
 1.31319321e-09  4.16493535e-01 
 1.31419321e-09  6.01947879e-01 
 1.31507049e-09  6.59615521e-01 
 1.31596404e-09  5.57804408e-01 
 1.31681665e-09  3.77058391e-01 
 1.31735038e-09  2.92824575e-01 
 1.31768662e-09  2.53801602e-01 
 1.31802122e-09  2.18537705e-01 
 1.31830504e-09  1.88282535e-01 
 1.31857004e-09  1.61590374e-01 
 1.31886745e-09  1.28366407e-01 
 1.31933576e-09  8.20302841e-02 
 1.31983964e-09  3.37069781e-02 
 1.32037656e-09 -5.83269321e-03 
 1.32087833e-09 -3.86233741e-02 
 1.32146738e-09 -6.58162433e-02 
 1.32246738e-09 -1.03232438e-01 
 1.32346738e-09 -1.23831316e-01 
 1.32446738e-09 -1.36607397e-01 
 1.32546738e-09 -1.37602907e-01 
 1.32646738e-09 -1.35888892e-01 
 1.32746738e-09 -1.27369003e-01 
 1.32846738e-09 -1.19492070e-01 
 1.32946738e-09 -1.11134698e-01 
 1.33046738e-09 -1.26113293e-01 
 1.33146738e-09 -1.62916431e-01 
 1.33246738e-09 -2.12211045e-01 
 1.33346738e-09 -2.59060174e-01 
 1.33446738e-09 -2.94738494e-01 
 1.33546738e-09 -2.77397753e-01 
 1.33646738e-09 -2.30948613e-01 
 1.33746738e-09 -1.78668678e-01 
 1.33846738e-09 -1.31237339e-01 
 1.33946738e-09 -8.66264706e-02 
 1.34046738e-09 -4.83544504e-02 
 1.34146738e-09 -1.24679708e-02 
 1.34246738e-09  1.84787794e-02 
 1.34346738e-09  4.87871459e-02 
 1.34446738e-09  7.79153023e-02 
 1.34546738e-09  1.36878833e-01 
 1.34646738e-09  4.07459056e-01 
 1.34746738e-09  5.95803957e-01 
 1.34835587e-09  6.59571774e-01 
 1.34925995e-09  5.60788135e-01 
 1.35012594e-09  3.76959110e-01 
 1.35066634e-09  2.91518590e-01 
 1.35099826e-09  2.53292426e-01 
 1.35133257e-09  2.18254662e-01 
 1.35161705e-09  1.88115335e-01 
 1.35188037e-09  1.61734612e-01 
 1.35217612e-09  1.28762800e-01 
 1.35264002e-09  8.29393279e-02 
 1.35319365e-09  3.03395423e-02 
 1.35369723e-09 -6.19280232e-03 
 1.35422403e-09 -4.02221875e-02 
 1.35478866e-09 -6.58522078e-02 
 1.35578866e-09 -1.03069807e-01 
 1.35677617e-09 -1.23297118e-01 
 1.35777617e-09 -1.36123461e-01 
 1.35877617e-09 -1.37131626e-01 
 1.35977617e-09 -1.35477864e-01 
 1.36077617e-09 -1.26982164e-01 
 1.36177617e-09 -1.19154052e-01 
 1.36277617e-09 -1.10430512e-01 
 1.36377617e-09 -1.24447054e-01 
 1.36477617e-09 -1.60533487e-01 
 1.36577617e-09 -2.09677254e-01 
 1.36677617e-09 -2.56657994e-01 
 1.36777617e-09 -2.93566466e-01 
 1.36877617e-09 -2.78257907e-01 
 1.36977617e-09 -2.32672008e-01 
 1.37077617e-09 -1.80380423e-01 
 1.37177617e-09 -1.32836992e-01 
 1.37277617e-09 -8.80394762e-02 
 1.37377617e-09 -4.96148825e-02 
 1.37477617e-09 -1.35424794e-02 
 1.37577617e-09  1.75493336e-02 
 1.37677617e-09  4.80353576e-02 
 1.37777617e-09  7.74080790e-02 
 1.37877617e-09  1.40268009e-01 
 1.37977617e-09  4.08842998e-01 
 1.38077617e-09  5.94407527e-01 
 1.38167081e-09  6.56892577e-01 
 1.38258070e-09  5.56234291e-01 
 1.38344627e-09  3.73255375e-01 
 1.38398497e-09  2.88995396e-01 
 1.38431612e-09  2.51093035e-01 
 1.38465233e-09  2.16097157e-01 
 1.38493837e-09  1.85921542e-01 
 1.38520501e-09  1.59302904e-01 
 1.38550187e-09  1.26403472e-01 
 1.38597236e-09  8.02409938e-02 
 1.38647102e-09  3.28235945e-02 
 1.38700360e-09 -6.03415945e-03 
 1.38750305e-09 -3.84118280e-02 
 1.38809184e-09 -6.53591482e-02 
 1.38909184e-09 -1.02464206e-01 
 1.39008403e-09 -1.22764797e-01 
 1.39108403e-09 -1.35511480e-01 
 1.39208403e-09 -1.36540944e-01 
 1.39308403e-09 -1.34869579e-01 
 1.39408403e-09 -1.26436289e-01 
 1.39508403e-09 -1.18606560e-01 
 1.39608403e-09 -1.09564576e-01 
 1.39708403e-09 -1.22467863e-01 
 1.39808403e-09 -1.57777743e-01 
 1.39908403e-09 -2.06694340e-01 
 1.40008403e-09 -2.53844350e-01 
 1.40108403e-09 -2.91954035e-01 
 1.40208403e-09 -2.79236688e-01 
 1.40308403e-09 -2.34767701e-01 
 1.40408403e-09 -1.82460262e-01 
 1.40508403e-09 -1.34694020e-01 
 1.40608403e-09 -8.96693647e-02 
 1.40708403e-09 -5.09822409e-02 
 1.40808403e-09 -1.46958328e-02 
 1.40908403e-09  1.66155518e-02 
 1.41008403e-09  4.72800915e-02 
 1.41108403e-09  7.68712643e-02 
 1.41208403e-09  1.41529284e-01 
 1.41308403e-09  4.08412918e-01 
 1.41408403e-09  5.92789927e-01 
 1.41508403e-09  6.48243824e-01 
 1.41598409e-09  5.36773276e-01 
 1.41684317e-09  3.60190929e-01 
 1.41736677e-09  2.81628554e-01 
 1.41769708e-09  2.44306082e-01 
 1.41805360e-09  2.07193451e-01 
 1.41835390e-09  1.75558370e-01 
 1.41866972e-09  1.43733033e-01 
 1.41896581e-09  1.11417030e-01 
 1.41953583e-09  5.74618434e-02 
 1.42000855e-09  1.56471659e-02 
 1.42054334e-09 -1.99008461e-02 
 1.42106032e-09 -5.03662426e-02 
 1.42177506e-09 -7.94722997e-02 
 1.42277506e-09 -1.11342145e-01 
 1.42377506e-09 -1.27504825e-01 
 1.42477506e-09 -1.36793765e-01 
 1.42577506e-09 -1.35396527e-01 
 1.42677506e-09 -1.32220000e-01 
 1.42777506e-09 -1.22768987e-01 
 1.42877506e-09 -1.14652030e-01 
 1.42977506e-09 -1.09857352e-01 
 1.43077506e-09 -1.32104818e-01 
 1.43177506e-09 -1.73043500e-01 
 1.43277506e-09 -2.23099193e-01 
 1.43377506e-09 -2.67911281e-01 
 1.43477506e-09 -2.93363257e-01 
 1.43577506e-09 -2.65961776e-01 
 1.43677506e-09 -2.17053488e-01 
 1.43777506e-09 -1.65226616e-01 
 1.43877506e-09 -1.19240333e-01 
 1.43977506e-09 -7.56408665e-02 
 1.44077506e-09 -3.84749072e-02 
 1.44177506e-09 -3.17118388e-03 
 1.44277506e-09  2.72344975e-02 
 1.44377506e-09  5.78889490e-02 
 1.44477506e-09  8.97828386e-02 
 1.44577506e-09  2.37512198e-01 
 1.44677506e-09  4.83404938e-01 
 1.44777506e-09  6.34789207e-01 
 1.44864888e-09  6.29015123e-01 
 1.44952934e-09  4.81648335e-01 
 1.45023226e-09  3.44903599e-01 
 1.45067429e-09  2.83895478e-01 
 1.45108656e-09  2.36515766e-01 
 1.45138470e-09  2.05599944e-01 
 1.45165278e-09  1.76830358e-01 
 1.45195847e-09  1.45084365e-01 
 1.45230045e-09  1.08798887e-01 
 1.45284843e-09  5.63612201e-02 
 1.45328869e-09  1.86821086e-02 
 1.45379038e-09 -1.60099828e-02 
 1.45433212e-09 -4.72140843e-02 
 1.45513441e-09 -8.12812123e-02 
 1.45613441e-09 -1.11317444e-01 
 1.45713441e-09 -1.28004163e-01 
 1.45813441e-09 -1.35721213e-01 
 1.45913441e-09 -1.35164335e-01 
 1.46013441e-09 -1.30768838e-01 
 1.46113441e-09 -1.22299080e-01 
 1.46213441e-09 -1.13154318e-01 
 1.46313441e-09 -1.09684619e-01 
 1.46413441e-09 -1.31370186e-01 
 1.46513441e-09 -1.73524593e-01 
 1.46613441e-09 -2.22651971e-01 
 1.46713441e-09 -2.68261490e-01 
 1.46813441e-09 -2.92161095e-01 
 1.46913441e-09 -2.65536360e-01 
 1.47013441e-09 -2.15606310e-01 
 1.47113441e-09 -1.64819224e-01 
 1.47213441e-09 -1.17972431e-01 
 1.47313441e-09 -7.53343928e-02 
 1.47413441e-09 -3.73510108e-02 
 1.47513441e-09 -2.89386947e-03 
 1.47613441e-09  2.83232765e-02 
 1.47713441e-09  5.83423125e-02 
 1.47813441e-09  9.15870761e-02 
 1.47913441e-09  2.50216387e-01 
 1.48013441e-09  4.91253802e-01 
 1.48113441e-09  6.37309485e-01 
 1.48201204e-09  6.23870518e-01 
 1.48289471e-09  4.70126408e-01 
 1.48356969e-09  3.41020664e-01 
 1.48399612e-09  2.82740510e-01 
 1.48439453e-09  2.37409851e-01 
 1.48468027e-09  2.07460047e-01 
 1.48493742e-09  1.80231320e-01 
 1.48524567e-09  1.47824603e-01 
 1.48558689e-09  1.11970453e-01 
 1.48610172e-09  6.19007576e-02 
 1.48654004e-09  2.40723952e-02 
 1.48702838e-09 -1.09561284e-02 
 1.48756718e-09 -4.26043126e-02 
 1.48832013e-09 -7.62322340e-02 
 1.48932013e-09 -1.07699917e-01 
 1.49032013e-09 -1.26160826e-01 
 1.49132013e-09 -1.34711860e-01 
 1.49232013e-09 -1.35269257e-01 
 1.49332013e-09 -1.31115635e-01 
 1.49432013e-09 -1.23295550e-01 
 1.49532013e-09 -1.13940245e-01 
 1.49632013e-09 -1.08385365e-01 
 1.49732013e-09 -1.25572252e-01 
 1.49832013e-09 -1.65744608e-01 
 1.49932013e-09 -2.14191377e-01 
 1.50032013e-09 -2.61278179e-01 
 1.50132013e-09 -2.91537810e-01 
 1.50232013e-09 -2.71732861e-01 
 1.50332013e-09 -2.23425041e-01 
 1.50432013e-09 -1.72716403e-01 
 1.50532013e-09 -1.24704898e-01 
 1.50632013e-09 -8.16011410e-02 
 1.50732013e-09 -4.26863771e-02 
 1.50832013e-09 -7.98387154e-03 
 1.50932013e-09  2.38912387e-02 
 1.51032013e-09  5.38058675e-02 
 1.51132013e-09  8.63088842e-02 
 1.51232013e-09  2.16860069e-01 
 1.51332013e-09  4.66512458e-01 
 1.51432013e-09  6.23138148e-01 
 1.51520480e-09  6.33008875e-01 
 1.51609935e-09  4.93937331e-01 
 1.51692421e-09  3.34619336e-01 
 1.51738928e-09  2.71284520e-01 
 1.51782546e-09  2.23614636e-01 
 1.51813566e-09  1.91788431e-01 
 1.51842272e-09  1.61922228e-01 
 1.51871902e-09  1.31502613e-01 
 1.51908595e-09  9.35994522e-02 
 1.51966258e-09  4.06764190e-02 
 1.52011940e-09  4.08322968e-03 
 1.52067436e-09 -3.08714315e-02 
 1.52121713e-09 -5.89985864e-02 
 1.52221713e-09 -9.56334941e-02 
 1.52317551e-09 -1.19026455e-01 
 1.52417551e-09 -1.31240256e-01 
 1.52517551e-09 -1.35741986e-01 
 1.52617551e-09 -1.32871150e-01 
 1.52717551e-09 -1.27173282e-01 
 1.52817551e-09 -1.17757562e-01 
 1.52917551e-09 -1.09171552e-01 
 1.53017551e-09 -1.12915658e-01 
 1.53117551e-09 -1.43814694e-01 
 1.53217551e-09 -1.89229649e-01 
 1.53317551e-09 -2.38767560e-01 
 1.53417551e-09 -2.80120192e-01 
 1.53517551e-09 -2.86203408e-01 
 1.53617551e-09 -2.48312228e-01 
 1.53717551e-09 -1.97763462e-01 
 1.53817551e-09 -1.47467484e-01 
 1.53917551e-09 -1.02559514e-01 
 1.54017551e-09 -6.10120923e-02 
 1.54117551e-09 -2.47967982e-02 
 1.54217551e-09  8.96293961e-03 
 1.54317551e-09  3.92192276e-02 
 1.54417551e-09  7.01663599e-02 
 1.54517551e-09  1.15241061e-01 
 1.54617551e-09  3.67041486e-01 
 1.54717551e-09  5.62860308e-01 
 1.54817551e-09  6.53044370e-01 
 1.54914957e-09  5.55985633e-01 
 1.55005816e-09  3.65103443e-01 
 1.55061699e-09  2.78312445e-01 
 1.55093285e-09  2.44435805e-01 
 1.55127944e-09  2.08771817e-01 
 1.55157128e-09  1.79462714e-01 
 1.55184061e-09  1.52537107e-01 
 1.55213697e-09  1.20771465e-01 
 1.55260720e-09  7.50355720e-02 
 1.55308342e-09  3.09115641e-02 
 1.55361304e-09 -7.39076087e-03 
 1.55409354e-09 -3.77176081e-02 
 1.55469017e-09 -6.49155733e-02 
 1.55569017e-09 -1.01015206e-01 
 1.55663302e-09 -1.20420625e-01 
 1.55763302e-09 -1.33118497e-01 
 1.55863302e-09 -1.34695852e-01 
 1.55963302e-09 -1.32972003e-01 
 1.56063302e-09 -1.25048302e-01 
 1.56163302e-09 -1.17130976e-01 
 1.56263302e-09 -1.07279103e-01 
 1.56363302e-09 -1.15578086e-01 
 1.56463302e-09 -1.47514632e-01 
 1.56563302e-09 -1.95269883e-01 
 1.56663302e-09 -2.43016012e-01 
 1.56763302e-09 -2.84600437e-01 
 1.56863302e-09 -2.82717857e-01 
 1.56963302e-09 -2.43149051e-01 
 1.57063302e-09 -1.90933099e-01 
 1.57163302e-09 -1.42419424e-01 
 1.57263302e-09 -9.65982466e-02 
 1.57363302e-09 -5.69157697e-02 
 1.57463302e-09 -1.98527464e-02 
 1.57563302e-09  1.23162649e-02 
 1.57663302e-09  4.36131404e-02 
 1.57763302e-09  7.39297080e-02 
 1.57863302e-09  1.40288368e-01 
 1.57963302e-09  4.00803839e-01 
 1.58063302e-09  5.83091458e-01 
 1.58163302e-09  6.44830446e-01 
 1.58255983e-09  5.35258116e-01 
 1.58343407e-09  3.55680448e-01 
 1.58396521e-09  2.76765373e-01 
 1.58428781e-09  2.41080669e-01 
 1.58464177e-09  2.04962983e-01 
 1.58494118e-09  1.73994053e-01 
 1.58525448e-09  1.42870621e-01 
 1.58554857e-09  1.11184794e-01 
 1.58610190e-09  5.91518532e-02 
 1.58657028e-09  1.78376666e-02 
 1.58710151e-09 -1.75893611e-02 
 1.58760913e-09 -4.75262288e-02 
 1.58830198e-09 -7.60065623e-02 
 1.58930198e-09 -1.08257219e-01 
 1.59030198e-09 -1.25005339e-01 
 1.59130198e-09 -1.34675263e-01 
 1.59230198e-09 -1.33748962e-01 
 1.59330198e-09 -1.30800580e-01 
 1.59430198e-09 -1.21710245e-01 
 1.59530198e-09 -1.13579440e-01 
 1.59630198e-09 -1.06245475e-01 
 1.59730198e-09 -1.23391997e-01 
 1.59830198e-09 -1.61606027e-01 
 1.59930198e-09 -2.10967363e-01 
 1.60030198e-09 -2.57163281e-01 
 1.60130198e-09 -2.90994377e-01 
 1.60230198e-09 -2.72459529e-01 
 1.60330198e-09 -2.25977477e-01 
 1.60430198e-09 -1.74076050e-01 
 1.60530198e-09 -1.26961420e-01 
 1.60630198e-09 -8.26170670e-02 
 1.60730198e-09 -4.44564833e-02 
 1.60830198e-09 -8.56321537e-03 
 1.60930198e-09  2.26678141e-02 
 1.61030198e-09  5.37767783e-02 
 1.61130198e-09  8.62179778e-02 
 1.61230198e-09  2.28373583e-01 
 1.61330198e-09  4.70321073e-01 
 1.61430198e-09  6.23111613e-01 
 1.61520044e-09  6.25905257e-01 
 1.61610729e-09  4.80968882e-01 
 1.61686042e-09  3.35980512e-01 
 1.61731468e-09  2.74561149e-01 
 1.61773814e-09  2.27312319e-01 
 1.61803698e-09  1.96988189e-01 
 1.61831291e-09  1.67969481e-01 
 1.61861573e-09  1.37108774e-01 
 1.61897083e-09  1.00238852e-01 
 1.61956277e-09  4.55177309e-02 
 1.62000580e-09  9.46155299e-03 
 1.62052346e-09 -2.41082226e-02 
 1.62107034e-09 -5.35154369e-02 
 1.62200995e-09 -8.97224382e-02 
 1.62300995e-09 -1.15732179e-01 
 1.62400995e-09 -1.29189524e-01 
 1.62500995e-09 -1.34561643e-01 
 1.62600995e-09 -1.32417776e-01 
 1.62700995e-09 -1.27113257e-01 
 1.62800995e-09 -1.18087037e-01 
 1.62900995e-09 -1.09044297e-01 
 1.63000995e-09 -1.08638843e-01 
 1.63100995e-09 -1.34654189e-01 
 1.63200995e-09 -1.78523071e-01 
 1.63300995e-09 -2.27913775e-01 
 1.63400995e-09 -2.71702355e-01 
 1.63500995e-09 -2.88370907e-01 
 1.63600995e-09 -2.57178289e-01 
 1.63700995e-09 -2.07096033e-01 
 1.63800995e-09 -1.56716884e-01 
 1.63900995e-09 -1.10703727e-01 
 1.64000995e-09 -6.85244478e-02 
 1.64100995e-09 -3.11781897e-02 
 1.64200995e-09  3.09463111e-03 
 1.64300995e-09  3.41819851e-02 
 1.64400995e-09  6.51125583e-02 
 1.64500995e-09  1.05499932e-01 
 1.64600995e-09  3.35648585e-01 
 1.64700995e-09  5.40597603e-01 
 1.64800995e-09  6.49808506e-01 
 1.64900995e-09  5.69444112e-01 
 1.64992278e-09  3.79445045e-01 
 1.65050673e-09  2.85438120e-01 
 1.65083859e-09  2.48943546e-01 
 1.65114957e-09  2.16826573e-01 
 1.65141394e-09  1.90331039e-01 
 1.65167262e-09  1.64616762e-01 
 1.65196291e-09  1.33719861e-01 
 1.65237520e-09  9.28428101e-02 
 1.65290245e-09  4.26479588e-02 
 1.65336652e-09  6.88207848e-03 
 1.65390312e-09 -2.88634564e-02 
 1.65440730e-09 -5.37572499e-02 
 1.65540730e-09 -9.30180644e-02 
 1.65637076e-09 -1.15710870e-01 
 1.65737076e-09 -1.30265692e-01 
 1.65837076e-09 -1.33757309e-01 
 1.65937076e-09 -1.32826328e-01 
 1.66037076e-09 -1.25942309e-01 
 1.66137076e-09 -1.18223121e-01 
 1.66237076e-09 -1.07824875e-01 
 1.66337076e-09 -1.09183315e-01 
 1.66437076e-09 -1.34409982e-01 
 1.66537076e-09 -1.79746336e-01 
 1.66637076e-09 -2.27877073e-01 
 1.66737076e-09 -2.72635921e-01 
 1.66837076e-09 -2.87098140e-01 
 1.66937076e-09 -2.56753224e-01 
 1.67037076e-09 -2.05348126e-01 
 1.67137076e-09 -1.56243392e-01 
 1.67237076e-09 -1.09145635e-01 
 1.67337076e-09 -6.81707497e-02 
 1.67437076e-09 -2.98172341e-02 
 1.67537076e-09  3.38900049e-03 
 1.67637076e-09  3.54667864e-02 
 1.67737076e-09  6.56144525e-02 
 1.67837076e-09  1.08897645e-01 
 1.67937076e-09  3.46263897e-01 
 1.68037076e-09  5.47057202e-01 
 1.68137076e-09  6.49273368e-01 
 1.68237076e-09  5.63295719e-01 
 1.68328751e-09  3.71194725e-01 
 1.68386475e-09  2.80738273e-01 
 1.68418516e-09  2.45613461e-01 
 1.68451187e-09  2.12674436e-01 
 1.68479149e-09  1.84360549e-01 
 1.68505321e-09  1.58792213e-01 
 1.68534601e-09  1.27343431e-01 
 1.68578279e-09  8.48178674e-02 
 1.68629780e-09  3.63750071e-02 
 1.68677422e-09  1.09429083e-03 
 1.68729306e-09 -3.27283917e-02 
 1.68782316e-09 -5.77170403e-02 
 1.68882316e-09 -9.57735291e-02 
 1.68975344e-09 -1.16459683e-01 
 1.69075344e-09 -1.30672977e-01 
 1.69175344e-09 -1.33433555e-01 
 1.69275344e-09 -1.32485224e-01 
 1.69375344e-09 -1.25164256e-01 
 1.69475344e-09 -1.17591496e-01 
 1.69575344e-09 -1.07017719e-01 
 1.69675344e-09 -1.09542557e-01 
 1.69775344e-09 -1.35638343e-01 
 1.69875344e-09 -1.81582655e-01 
 1.69975344e-09 -2.29461904e-01 
 1.70075344e-09 -2.74394940e-01 
 1.70175344e-09 -2.86446375e-01 
 1.70275344e-09 -2.54725243e-01 
 1.70375344e-09 -2.02955113e-01 
 1.70475344e-09 -1.54076681e-01 
 1.70575344e-09 -1.07003383e-01 
 1.70675344e-09 -6.63552710e-02 
 1.70775344e-09 -2.80387735e-02 
 1.70875344e-09  4.91263507e-03 
 1.70975344e-09  3.70660066e-02 
 1.71075344e-09  6.72715504e-02 
 1.71175344e-09  1.14806900e-01 
 1.71275344e-09  3.62426743e-01 
 1.71375344e-09  5.56443580e-01 
 1.71475344e-09  6.48363454e-01 
 1.71574489e-09  5.54408284e-01 
 1.71666521e-09  3.61514770e-01 
 1.71723121e-09  2.75229612e-01 
 1.71754065e-09  2.41808455e-01 
 1.71788650e-09  2.07306833e-01 
 1.71818154e-09  1.77467444e-01 
 1.71845207e-09  1.51164702e-01 
 1.71874741e-09  1.19425025e-01 
 1.71922143e-09  7.40875880e-02 
 1.71969839e-09  3.00580419e-02 
 1.72017518e-09 -3.97370814e-03 
 1.72068278e-09 -3.63223362e-02 
 1.72124350e-09 -6.17139446e-02 
 1.72224350e-09 -9.84772200e-02 
 1.72317001e-09 -1.17827474e-01 
 1.72417001e-09 -1.31292695e-01 
 1.72517001e-09 -1.33193953e-01 
 1.72617001e-09 -1.31990766e-01 
 1.72717001e-09 -1.24215986e-01 
 1.72817001e-09 -1.16652632e-01 
 1.72917001e-09 -1.06079562e-01 
 1.73017001e-09 -1.10520536e-01 
 1.73117001e-09 -1.38399034e-01 
 1.73217001e-09 -1.85126679e-01 
 1.73317001e-09 -2.32837810e-01 
 1.73417001e-09 -2.76908510e-01 
 1.73517001e-09 -2.84777801e-01 
 1.73617001e-09 -2.50913533e-01 
 1.73717001e-09 -1.98912735e-01 
 1.73817001e-09 -1.50342231e-01 
 1.73917001e-09 -1.03533714e-01 
 1.74017001e-09 -6.33007637e-02 
 1.74117001e-09 -2.52104127e-02 
 1.74217001e-09  7.45404609e-03 
 1.74317001e-09  3.95944823e-02 
 1.74417001e-09  7.01267605e-02 
 1.74517001e-09  1.31428750e-01 
 1.74617001e-09  3.86624380e-01 
 1.74717001e-09  5.70234833e-01 
 1.74817001e-09  6.43832681e-01 
 1.74912729e-09  5.40302161e-01 
 1.75002935e-09  3.53802524e-01 
 1.75057515e-09  2.72861017e-01 
 1.75088634e-09  2.39095793e-01 
 1.75123916e-09  2.03899956e-01 
 1.75153962e-09  1.73303530e-01 
 1.75185681e-09  1.42287570e-01 
 1.75214264e-09  1.11644449e-01 
 1.75268616e-09  6.07984524e-02 
 1.75315149e-09  1.96308766e-02 
 1.75367301e-09 -1.52228316e-02 
 1.75417091e-09 -4.48395989e-02 
 1.75483361e-09 -7.23346420e-02 
 1.75583361e-09 -1.05302471e-01 
 1.75682565e-09 -1.22577650e-01 
 1.75782565e-09 -1.32934493e-01 
 1.75882565e-09 -1.32484831e-01 
 1.75982565e-09 -1.29930438e-01 
 1.76082565e-09 -1.21122600e-01 
 1.76182565e-09 -1.13161334e-01 
 1.76282565e-09 -1.04075205e-01 
 1.76382565e-09 -1.16463080e-01 
 1.76482565e-09 -1.51333008e-01 
 1.76582565e-09 -1.99962903e-01 
 1.76682565e-09 -2.46955002e-01 
 1.76782565e-09 -2.85878412e-01 
 1.76882565e-09 -2.77037151e-01 
 1.76982565e-09 -2.34766832e-01 
 1.77082565e-09 -1.82815415e-01 
 1.77182565e-09 -1.35134413e-01 
 1.77282565e-09 -8.99193087e-02 
 1.77382565e-09 -5.09481059e-02 
 1.77482565e-09 -1.42100159e-02 
 1.77582565e-09  1.76839430e-02 
 1.77682565e-09  4.93862783e-02 
 1.77782565e-09  8.18608192e-02 
 1.77882565e-09  2.12089437e-01 
 1.77982565e-09  4.53508478e-01 
 1.78082565e-09  6.10215127e-01 
 1.78182565e-09  6.17839127e-01 
 1.78274616e-09  4.73671993e-01 
 1.78353686e-09  3.24871623e-01 
 1.78399537e-09  2.64711465e-01 
 1.78442076e-09  2.18392467e-01 
 1.78471882e-09  1.88609864e-01 
 1.78500398e-09  1.59004019e-01 
 1.78530845e-09  1.28579248e-01 
 1.78567903e-09  9.08288910e-02 
 1.78627261e-09  3.78705779e-02 
 1.78673851e-09  1.48621305e-03 
 1.78730653e-09 -3.29022840e-02 
 1.78786541e-09 -6.08551628e-02 
 1.78886541e-09 -9.57298404e-02 
 1.78981911e-09 -1.17995680e-01 
 1.79081911e-09 -1.29258743e-01 
 1.79181911e-09 -1.33351183e-01 
 1.79281911e-09 -1.30141089e-01 
 1.79381911e-09 -1.24462076e-01 
 1.79481911e-09 -1.15004589e-01 
 1.79581911e-09 -1.06326121e-01 
 1.79681911e-09 -1.08110785e-01 
 1.79781911e-09 -1.37003383e-01 
 1.79881911e-09 -1.81629803e-01 
 1.79981911e-09 -2.31092058e-01 
 1.80081911e-09 -2.73383747e-01 
 1.80181911e-09 -2.85830066e-01 
 1.80281911e-09 -2.51832883e-01 
 1.80381911e-09 -2.01659931e-01 
 1.80481911e-09 -1.51256693e-01 
 1.80581911e-09 -1.05839505e-01 
 1.80681911e-09 -6.38310320e-02 
 1.80781911e-09 -2.69957768e-02 
 1.80881911e-09  7.29973919e-03 
 1.80981911e-09  3.83090734e-02 
 1.81081911e-09  7.04274970e-02 
 1.81181911e-09  1.34861280e-01 
 1.81281911e-09  3.89235148e-01 
 1.81381911e-09  5.69414822e-01 
 1.81481911e-09  6.41760200e-01 
 1.81578001e-09  5.35777929e-01 
 1.81667956e-09  3.51509035e-01 
 1.81722171e-09  2.71014040e-01 
 1.81753710e-09  2.37651608e-01 
 1.81788862e-09  2.02133553e-01 
 1.81818539e-09  1.72577671e-01 
 1.81849721e-09  1.41740308e-01 
 1.81878779e-09  1.11193705e-01 
 1.81932765e-09  6.05244758e-02 
 1.81978926e-09  2.01868556e-02 
 1.82031833e-09 -1.54069006e-02 
 1.82081160e-09 -4.43128372e-02 
 1.82148566e-09 -7.24526050e-02 
 1.82248566e-09 -1.04866676e-01 
 1.82347602e-09 -1.22210894e-01 
 1.82447602e-09 -1.32196408e-01 
 1.82547602e-09 -1.31955024e-01 
 1.82647602e-09 -1.29146430e-01 
 1.82747602e-09 -1.20594384e-01 
 1.82847602e-09 -1.12433671e-01 
 1.82947602e-09 -1.03349549e-01 
 1.83047602e-09 -1.14700138e-01 
 1.83147602e-09 -1.49122035e-01 
 1.83247602e-09 -1.97383981e-01 
 1.83347602e-09 -2.44638776e-01 
 1.83447602e-09 -2.84159114e-01 
 1.83547602e-09 -2.77765442e-01 
 1.83647602e-09 -2.36334060e-01 
 1.83747602e-09 -1.84473132e-01 
 1.83847602e-09 -1.36462729e-01 
 1.83947602e-09 -9.12072070e-02 
 1.84047602e-09 -5.18990174e-02 
 1.84147602e-09 -1.51134778e-02 
 1.84247602e-09  1.70895662e-02 
 1.84347602e-09  4.88629018e-02 
 1.84447602e-09  8.18083163e-02 
 1.84547602e-09  2.16023900e-01 
 1.84647602e-09  4.54540796e-01 
 1.84747602e-09  6.09400679e-01 
 1.84847602e-09  6.15581261e-01 
 1.84940348e-09  4.69556279e-01 
 1.85018759e-09  3.22840723e-01 
 1.85064258e-09  2.63516949e-01 
 1.85106493e-09  2.17742885e-01 
 1.85135916e-09  1.88413967e-01 
 1.85164129e-09  1.59278889e-01 
 1.85194683e-09  1.28764035e-01 
 1.85231772e-09  9.11853281e-02 
 1.85299590e-09  3.13518660e-02 
 1.85351157e-09 -7.13061924e-03 
 1.85407593e-09 -3.94602011e-02 
 1.85466204e-09 -6.69282537e-02 
 1.85566204e-09 -9.95067409e-02 
 1.85658829e-09 -1.19477188e-01 
 1.85758829e-09 -1.29587124e-01 
 1.85858829e-09 -1.32705057e-01 
 1.85958829e-09 -1.29029728e-01 
 1.86058829e-09 -1.22923792e-01 
 1.86158829e-09 -1.13370837e-01 
 1.86258829e-09 -1.04870746e-01 
 1.86358829e-09 -1.08809899e-01 
 1.86458829e-09 -1.39802221e-01 
 1.86558829e-09 -1.85149525e-01 
 1.86658829e-09 -2.34459908e-01 
 1.86758829e-09 -2.75610434e-01 
 1.86858829e-09 -2.83607515e-01 
 1.86958829e-09 -2.47279959e-01 
 1.87058829e-09 -1.97035591e-01 
 1.87158829e-09 -1.46911244e-01 
 1.87258829e-09 -1.01886500e-01 
 1.87358829e-09 -6.02416355e-02 
 1.87458829e-09 -2.37165913e-02 
 1.87558829e-09  1.03764472e-02 
 1.87658829e-09  4.13641358e-02 
 1.87758829e-09  7.41720445e-02 
 1.87858829e-09  1.64367822e-01 
 1.87958829e-09  4.14245799e-01 
 1.88058829e-09  5.83917745e-01 
 1.88158829e-09  6.32337766e-01 
 1.88242355e-09  5.29001403e-01 
 1.88327830e-09  3.59676442e-01 
 1.88379850e-09  2.81837564e-01 
 1.88414823e-09  2.42849407e-01 
 1.88447031e-09  2.09450774e-01 
 1.88473988e-09  1.81987744e-01 
 1.88504692e-09  1.51248755e-01 
 1.88534532e-09  1.19938642e-01 
 1.88584126e-09  7.25773186e-02 
 1.88633704e-09  2.85788851e-02 
 1.88684304e-09 -7.00753710e-03 
 1.88738101e-09 -3.93787704e-02 
 1.88801085e-09 -6.70741496e-02 
 1.88901085e-09 -1.00936407e-01 
 1.89001085e-09 -1.20075325e-01 
 1.89101085e-09 -1.30793193e-01 
 1.89201085e-09 -1.31634088e-01 
 1.89301085e-09 -1.29065046e-01 
 1.89401085e-09 -1.21165079e-01 
 1.89501085e-09 -1.12932879e-01 
 1.89601085e-09 -1.03316224e-01 
 1.89701085e-09 -1.10713949e-01 
 1.89801085e-09 -1.42249269e-01 
 1.89901085e-09 -1.89479604e-01 
 1.90001085e-09 -2.37318800e-01 
 1.90101085e-09 -2.79030643e-01 
 1.90201085e-09 -2.81178939e-01 
 1.90301085e-09 -2.43691497e-01 
 1.90401085e-09 -1.91973608e-01 
 1.90501085e-09 -1.43304499e-01 
 1.90601085e-09 -9.74800467e-02 
 1.90701085e-09 -5.73552917e-02 
 1.90801085e-09 -2.00718134e-02 
 1.90901085e-09  1.27430745e-02 
 1.91001085e-09  4.46748908e-02 
 1.91101085e-09  7.71680740e-02 
 1.91201085e-09  1.89472878e-01 
 1.91301085e-09  4.33078552e-01 
 1.91401085e-09  5.95508617e-01 
 1.91501085e-09  6.23679568e-01 
 1.91581926e-09  5.12351061e-01 
 1.91667178e-09  3.47809902e-01 
 1.91717856e-09  2.75983097e-01 
 1.91753238e-09  2.36383819e-01 
 1.91785868e-09  2.03169993e-01 
 1.91813424e-09  1.74638815e-01 
 1.91844590e-09  1.43565336e-01 
 1.91876422e-09  1.10425507e-01 
 1.91930177e-09  6.03034738e-02 
 1.91977094e-09  2.03407100e-02 
 1.92028373e-09 -1.41188519e-02 
 1.92082835e-09 -4.52050615e-02 
 1.92155696e-09 -7.53414928e-02 
 1.92255696e-09 -1.06031889e-01 
 1.92355696e-09 -1.22789363e-01 
 1.92455696e-09 -1.31416648e-01 
 1.92555696e-09 -1.31017265e-01 
 1.92655696e-09 -1.27466187e-01 
 1.92755696e-09 -1.19121713e-01 
 1.92855696e-09 -1.10513293e-01 
 1.92955696e-09 -1.02370026e-01 
 1.93055696e-09 -1.15005218e-01 
 1.93155696e-09 -1.51071299e-01 
 1.93255696e-09 -1.99200455e-01 
 1.93355696e-09 -2.46533604e-01 
 1.93455696e-09 -2.84276304e-01 
 1.93555696e-09 -2.75562225e-01 
 1.93655696e-09 -2.32650214e-01 
 1.93755696e-09 -1.81418321e-01 
 1.93855696e-09 -1.33302909e-01 
 1.93955696e-09 -8.87035447e-02 
 1.94055696e-09 -4.92507430e-02 
 1.94155696e-09 -1.29694086e-02 
 1.94255696e-09  1.95398205e-02 
 1.94355696e-09  5.12130961e-02 
 1.94455696e-09  8.60444385e-02 
 1.94555696e-09  2.47732122e-01 
 1.94655696e-09  4.74585501e-01 
 1.94755696e-09  6.18460480e-01 
 1.94855696e-09  6.03145409e-01 
 1.94949058e-09  4.42588280e-01 
 1.95018745e-09  3.16576553e-01 
 1.95060737e-09  2.63458126e-01 
 1.95099548e-09  2.21374799e-01 
 1.95125308e-09  1.95524947e-01 
 1.95151881e-09  1.68294584e-01 
 1.95182453e-09  1.37231476e-01 
 1.95219564e-09  9.98570233e-02 
 1.95274598e-09  4.90959530e-02 
 1.95317357e-09  1.47493607e-02 
 1.95367395e-09 -1.85811286e-02 
 1.95422070e-09 -4.79925763e-02 
 1.95511087e-09 -8.36863955e-02 
 1.95611087e-09 -1.10442579e-01 
 1.95711087e-09 -1.25497951e-01 
 1.95811087e-09 -1.31384388e-01 
 1.95911087e-09 -1.30449210e-01 
 1.96011087e-09 -1.25294374e-01 
 1.96111087e-09 -1.17168000e-01 
 1.96211087e-09 -1.07668317e-01 
 1.96311087e-09 -1.02618949e-01 
 1.96411087e-09 -1.20285491e-01 
 1.96511087e-09 -1.60784261e-01 
 1.96611087e-09 -2.08951807e-01 
 1.96711087e-09 -2.55708067e-01 
 1.96811087e-09 -2.86378299e-01 
 1.96911087e-09 -2.68643703e-01 
 1.97011087e-09 -2.21404772e-01 
 1.97111087e-09 -1.71178295e-01 
 1.97211087e-09 -1.23191648e-01 
 1.97311087e-09 -8.01158982e-02 
 1.97411087e-09 -4.08966552e-02 
 1.97511087e-09 -5.88789184e-03 
 1.97611087e-09  2.67645577e-02 
 1.97711087e-09  5.80997418e-02 
 1.97811087e-09  9.81613744e-02 
 1.97911087e-09  3.10939846e-01 
 1.98011087e-09  5.16180809e-01 
 1.98111087e-09  6.35789688e-01 
 1.98211087e-09  5.77616800e-01 
 1.98305050e-09  3.92314850e-01 
 1.98366444e-09  2.91231099e-01 
 1.98401913e-09  2.50892381e-01 
 1.98433945e-09  2.17820070e-01 
 1.98459020e-09  1.92737876e-01 
 1.98484550e-09  1.67624468e-01 
 1.98514015e-09  1.36802777e-01 
 1.98554141e-09  9.74126531e-02 
 1.98605580e-09  4.87618279e-02 
 1.98649570e-09  1.43923719e-02 
 1.98698170e-09 -1.89540896e-02 
 1.98750285e-09 -4.60911014e-02 
 1.98843549e-09 -8.44961481e-02 
 1.98943549e-09 -1.10107516e-01 
 1.99043549e-09 -1.25956063e-01 
 1.99143549e-09 -1.30831832e-01 
 1.99243549e-09 -1.30670653e-01 
 1.99343549e-09 -1.24630087e-01 
 1.99443549e-09 -1.17301864e-01 
 1.99543549e-09 -1.06987868e-01 
 1.99643549e-09 -1.02503817e-01 
 1.99743549e-09 -1.18985990e-01 
 1.99843549e-09 -1.59986004e-01 
 1.99943549e-09 -2.07374501e-01 
 2.00000000e-09 -2.35751434e-01 
